1,1,0.61,675.52,50.94,207.58,0.7037,-1,-1,-1
1,2,1370.39,514.35,33.77,100.00,0.6447,-1,-1,-1
1,3,1609.11,558.15,56.10,115.71,0.6023,-1,-1,-1
2,1,-4.93,662.71,51.92,212.54,0.6570,-1,-1,-1
2,2,1371.66,513.66,34.11,101.04,0.6425,-1,-1,-1
2,3,1614.65,550.40,59.85,123.42,0.6602,-1,-1,-1
3,1,-8.04,685.19,51.25,211.89,0.6504,-1,-1,-1
3,2,1373.99,508.77,35.64,105.41,0.5891,-1,-1,-1
3,3,1620.78,548.62,58.97,121.32,0.6539,-1,-1,-1
3,4,1536.45,553.35,49.43,117.72,0.6498,-1,-1,-1
4,2,1378.47,506.00,36.68,108.57,0.7124,-1,-1,-1
4,3,1628.95,547.32,60.86,125.11,0.7595,-1,-1,-1
4,4,1543.43,552.73,50.33,120.22,0.6529,-1,-1,-1
4,6,94.31,722.76,45.29,100.41,0.5896,-1,-1,-1
5,2,1382.54,512.45,37.15,110.39,0.7115,-1,-1,-1
5,3,1636.48,559.58,60.24,123.58,0.6361,-1,-1,-1
5,6,80.27,717.17,46.31,102.73,0.5019,-1,-1,-1
6,2,1388.11,523.00,36.25,108.59,0.6359,-1,-1,-1
6,3,1644.35,570.20,60.91,124.40,0.7573,-1,-1,-1
6,7,1462.28,503.92,28.24,87.90,0.5390,-1,-1,-1
7,2,1390.33,519.95,36.85,111.24,0.5820,-1,-1,-1
7,3,1651.37,571.63,62.76,127.98,0.7406,-1,-1,-1
7,4,1563.35,566.19,52.95,126.26,0.5744,-1,-1,-1
8,2,1393.70,528.86,36.05,109.09,0.6718,-1,-1,-1
8,3,1658.81,575.81,63.83,129.83,0.6627,-1,-1,-1
8,4,1569.87,577.74,51.93,123.89,0.5488,-1,-1,-1
8,7,1468.18,508.77,28.26,87.60,0.5230,-1,-1,-1
9,2,1396.94,532.77,35.58,107.64,0.6747,-1,-1,-1
9,3,1664.54,581.99,65.00,132.07,0.6920,-1,-1,-1
9,4,1576.19,586.68,51.78,123.74,0.5052,-1,-1,-1
10,2,1399.16,539.68,35.50,107.11,0.6591,-1,-1,-1
10,3,1670.66,597.00,63.67,129.01,0.7865,-1,-1,-1
10,4,1581.97,600.17,51.31,122.79,0.6845,-1,-1,-1
10,8,3.96,730.03,47.69,115.50,0.6397,-1,-1,-1
11,2,1401.67,534.77,35.61,107.22,0.6749,-1,-1,-1
11,3,1678.21,584.98,65.96,134.00,0.7657,-1,-1,-1
11,4,1588.21,592.87,52.45,125.84,0.6553,-1,-1,-1
12,2,1403.83,533.65,36.54,109.85,0.6856,-1,-1,-1
12,3,1686.58,589.32,65.56,133.29,0.7709,-1,-1,-1
12,4,1595.83,593.77,53.32,127.96,0.7065,-1,-1,-1
13,2,1407.79,531.90,35.44,106.42,0.7171,-1,-1,-1
13,3,1693.47,591.37,65.11,132.37,0.7226,-1,-1,-1
13,4,1601.49,595.90,53.29,127.04,0.6664,-1,-1,-1
14,2,1409.62,530.53,34.68,103.70,0.6684,-1,-1,-1
14,3,1700.72,586.36,65.33,133.48,0.6837,-1,-1,-1
14,4,1610.45,589.92,54.19,129.17,0.6282,-1,-1,-1
15,2,1412.38,531.77,35.35,105.67,0.5294,-1,-1,-1
15,3,1708.38,585.98,66.65,137.22,0.7500,-1,-1,-1
15,4,1618.51,592.51,54.20,129.64,0.7189,-1,-1,-1
16,2,1416.16,533.06,35.06,105.00,0.5458,-1,-1,-1
16,3,1714.58,590.75,65.84,136.52,0.7422,-1,-1,-1
16,4,1626.61,594.27,54.65,130.42,0.6976,-1,-1,-1
17,2,1418.96,533.42,35.99,107.47,0.6035,-1,-1,-1
17,3,1721.56,590.70,66.46,138.70,0.7096,-1,-1,-1
17,4,1634.03,591.18,55.76,133.62,0.6952,-1,-1,-1
18,2,1421.10,533.70,36.43,108.58,0.6993,-1,-1,-1
18,3,1730.46,593.76,65.76,138.15,0.7042,-1,-1,-1
18,4,1642.77,591.91,56.07,134.82,0.6255,-1,-1,-1
18,12,475.66,541.60,36.62,104.59,0.5551,-1,-1,-1
19,2,1423.71,534.43,36.46,108.15,0.7342,-1,-1,-1
19,3,1739.79,595.24,65.95,139.12,0.7481,-1,-1,-1
19,12,474.15,540.48,37.09,105.88,0.5131,-1,-1,-1
19,13,512.45,540.13,38.32,107.54,0.5126,-1,-1,-1
20,2,1425.91,534.86,36.28,106.86,0.7477,-1,-1,-1
20,3,1748.48,596.96,65.98,139.89,0.7429,-1,-1,-1
20,4,1657.83,594.45,55.76,135.13,0.6052,-1,-1,-1
21,2,1427.55,533.40,37.76,110.64,0.6908,-1,-1,-1
21,3,1756.74,597.83,66.00,140.60,0.7462,-1,-1,-1
21,4,1666.02,596.81,56.26,136.70,0.6871,-1,-1,-1
21,13,507.12,539.66,40.11,112.63,0.5237,-1,-1,-1
22,2,1431.52,536.92,36.39,105.20,0.6691,-1,-1,-1
22,3,1768.29,601.24,64.81,139.08,0.7483,-1,-1,-1
22,4,1673.38,598.22,57.13,139.70,0.6264,-1,-1,-1
22,13,503.94,543.25,39.74,111.89,0.5124,-1,-1,-1
22,12,466.04,550.11,36.43,103.97,0.5558,-1,-1,-1
23,2,1432.60,538.27,37.72,108.47,0.6631,-1,-1,-1
23,3,1776.68,600.92,66.67,143.99,0.7717,-1,-1,-1
23,4,1680.19,600.44,57.91,142.09,0.7254,-1,-1,-1
23,13,501.09,547.27,39.04,109.40,0.5497,-1,-1,-1
24,2,1435.39,532.90,39.37,113.88,0.6539,-1,-1,-1
24,3,1786.08,596.34,68.89,149.81,0.7111,-1,-1,-1
24,4,1687.22,601.86,58.29,142.84,0.7311,-1,-1,-1
25,2,1437.65,534.43,41.10,119.13,0.6621,-1,-1,-1
25,3,1796.28,601.99,68.37,148.67,0.7095,-1,-1,-1
25,4,1694.18,606.17,59.48,146.91,0.7278,-1,-1,-1
26,2,1440.89,537.27,41.46,119.23,0.7230,-1,-1,-1
26,3,1806.89,606.52,68.02,147.49,0.5900,-1,-1,-1
26,4,1702.85,610.60,60.24,149.06,0.7248,-1,-1,-1
26,12,457.89,550.65,39.41,112.01,0.5107,-1,-1,-1
26,13,494.88,549.12,40.78,114.34,0.5505,-1,-1,-1
27,2,1444.29,540.81,40.37,115.68,0.7473,-1,-1,-1
27,3,1815.83,610.68,69.78,150.22,0.6523,-1,-1,-1
27,4,1710.66,614.98,60.25,149.15,0.6736,-1,-1,-1
27,13,494.29,559.05,38.40,107.05,0.6101,-1,-1,-1
28,2,1449.07,544.62,39.91,112.34,0.7280,-1,-1,-1
28,3,1823.70,611.40,72.36,155.43,0.7715,-1,-1,-1
28,4,1717.78,617.17,61.11,151.60,0.6737,-1,-1,-1
28,13,492.33,564.14,37.45,103.84,0.5865,-1,-1,-1
28,14,1534.25,524.93,31.91,83.89,0.5366,-1,-1,-1
29,2,1452.26,549.26,39.36,110.77,0.7081,-1,-1,-1
29,3,1830.90,617.90,74.06,158.86,0.6925,-1,-1,-1
29,4,1724.40,621.80,63.27,157.94,0.7233,-1,-1,-1
29,13,491.60,568.58,36.22,99.90,0.5287,-1,-1,-1
29,14,1535.28,525.41,34.11,89.72,0.5617,-1,-1,-1
30,2,1455.24,550.38,39.88,111.60,0.6417,-1,-1,-1
30,3,1839.70,621.04,72.57,153.72,0.6343,-1,-1,-1
30,4,1735.19,624.50,63.42,159.49,0.7528,-1,-1,-1
30,13,489.58,573.83,36.92,101.47,0.5004,-1,-1,-1
30,14,1537.94,525.31,34.96,92.01,0.5648,-1,-1,-1
30,12,445.89,564.74,39.81,111.93,0.6151,-1,-1,-1
31,2,1457.02,551.50,42.20,118.48,0.6285,-1,-1,-1
31,3,1850.01,626.26,71.12,151.42,0.6390,-1,-1,-1
31,4,1746.79,628.22,61.83,156.28,0.5785,-1,-1,-1
31,12,443.54,575.80,39.30,110.30,0.5757,-1,-1,-1
32,2,1460.17,555.85,42.19,119.31,0.6370,-1,-1,-1
32,3,1854.44,633.35,73.02,158.55,0.6872,-1,-1,-1
32,4,1756.61,631.84,61.60,155.81,0.6769,-1,-1,-1
32,12,442.18,575.08,38.87,108.15,0.5729,-1,-1,-1
32,13,486.48,575.08,38.78,106.67,0.5267,-1,-1,-1
32,14,1545.29,529.81,34.66,91.37,0.5976,-1,-1,-1
33,2,1463.60,547.32,43.66,123.94,0.7429,-1,-1,-1
33,3,1859.46,626.74,74.04,166.73,0.6662,-1,-1,-1
33,4,1766.77,625.34,60.79,153.75,0.6461,-1,-1,-1
33,12,439.77,568.57,39.04,108.61,0.5151,-1,-1,-1
33,14,1549.05,522.14,34.18,90.24,0.6533,-1,-1,-1
34,2,1467.51,546.20,43.72,124.80,0.7610,-1,-1,-1
34,3,1869.33,633.39,64.95,152.09,0.5550,-1,-1,-1
34,4,1775.60,622.86,62.10,156.36,0.7453,-1,-1,-1
34,14,1552.12,519.63,34.74,92.19,0.5972,-1,-1,-1
34,13,479.89,569.30,40.79,112.85,0.5207,-1,-1,-1
35,2,1471.11,541.92,44.30,125.95,0.7299,-1,-1,-1
35,4,1785.68,622.98,63.09,157.85,0.6379,-1,-1,-1
35,14,1557.71,517.18,34.50,92.24,0.5334,-1,-1,-1
36,2,1475.55,538.36,45.04,128.72,0.7514,-1,-1,-1
36,4,1794.56,620.13,66.26,165.09,0.7064,-1,-1,-1
37,2,1479.53,538.24,44.38,127.56,0.7195,-1,-1,-1
37,4,1803.54,621.86,68.40,168.50,0.7729,-1,-1,-1
38,2,1483.03,534.69,44.69,129.71,0.7105,-1,-1,-1
38,4,1811.92,618.93,71.75,175.47,0.7811,-1,-1,-1
38,13,466.90,544.87,44.49,123.31,0.5374,-1,-1,-1
39,2,1487.23,537.21,44.18,128.46,0.7030,-1,-1,-1
39,4,1823.12,626.29,72.00,174.99,0.7505,-1,-1,-1
39,14,1579.11,508.32,35.82,96.35,0.5142,-1,-1,-1
40,2,1491.07,536.69,43.63,127.45,0.7111,-1,-1,-1
40,4,1834.17,627.00,73.22,177.65,0.7794,-1,-1,-1
41,2,1496.00,543.78,42.12,122.06,0.6972,-1,-1,-1
41,4,1844.72,631.46,74.07,179.83,0.7577,-1,-1,-1
42,2,1501.16,546.79,41.90,121.03,0.6868,-1,-1,-1
42,4,1853.08,636.49,73.18,180.60,0.6916,-1,-1,-1
42,12,417.93,538.09,45.31,126.90,0.5487,-1,-1,-1
42,14,1593.21,507.64,36.80,99.90,0.5748,-1,-1,-1
43,2,1505.73,548.49,42.32,122.26,0.6678,-1,-1,-1
43,4,1862.29,642.52,68.53,174.04,0.6621,-1,-1,-1
43,12,415.07,536.06,46.24,129.91,0.5425,-1,-1,-1
43,14,1596.52,510.21,35.97,98.28,0.5064,-1,-1,-1
44,2,1511.35,551.73,41.98,121.03,0.6220,-1,-1,-1
44,4,1870.50,649.22,63.88,169.18,0.6409,-1,-1,-1
44,14,1600.62,510.16,36.88,100.35,0.5301,-1,-1,-1
45,2,1515.24,554.91,44.01,127.09,0.7575,-1,-1,-1
45,14,1605.07,512.65,37.62,101.46,0.5885,-1,-1,-1
46,2,1518.63,554.80,45.53,132.64,0.7570,-1,-1,-1
46,14,1609.68,514.67,37.66,100.95,0.5480,-1,-1,-1
47,2,1523.85,558.21,45.20,132.08,0.7205,-1,-1,-1
47,14,1617.52,523.78,35.42,95.07,0.5303,-1,-1,-1
48,2,1528.33,559.87,45.60,133.41,0.7090,-1,-1,-1
48,14,1621.42,527.16,34.29,92.68,0.6493,-1,-1,-1
49,2,1532.74,559.51,46.26,135.83,0.7107,-1,-1,-1
49,14,1625.35,531.58,33.54,91.22,0.7157,-1,-1,-1
49,13,445.43,550.87,45.06,125.62,0.5423,-1,-1,-1
50,2,1537.50,558.45,46.71,137.41,0.6966,-1,-1,-1
50,13,444.55,557.45,43.03,119.38,0.5618,-1,-1,-1
51,2,1542.10,560.82,46.84,137.86,0.6992,-1,-1,-1
51,13,443.26,564.62,40.97,112.03,0.5522,-1,-1,-1
51,14,1635.72,533.95,32.71,89.89,0.6433,-1,-1,-1
52,2,1546.47,559.05,49.50,145.67,0.7092,-1,-1,-1
52,13,441.98,567.96,40.28,109.85,0.5690,-1,-1,-1
52,14,1639.29,533.09,32.79,90.92,0.5623,-1,-1,-1
52,12,395.96,550.32,44.55,124.19,0.5372,-1,-1,-1
53,2,1550.66,557.50,51.21,150.74,0.6876,-1,-1,-1
53,13,440.03,566.68,41.75,113.01,0.5363,-1,-1,-1
53,14,1643.50,533.73,32.24,89.94,0.5337,-1,-1,-1
53,12,392.64,550.55,45.43,126.59,0.5311,-1,-1,-1
54,2,1553.91,557.46,52.15,153.36,0.7243,-1,-1,-1
54,13,437.55,567.58,42.05,112.92,0.5620,-1,-1,-1
54,14,1647.96,534.43,31.95,89.61,0.5927,-1,-1,-1
54,12,388.26,549.22,46.00,128.65,0.5157,-1,-1,-1
55,2,1557.69,554.88,53.41,157.49,0.7489,-1,-1,-1
55,14,1653.11,533.63,32.59,91.45,0.6041,-1,-1,-1
55,12,383.99,545.24,47.23,132.98,0.5710,-1,-1,-1
56,2,1562.33,554.23,53.27,157.46,0.7373,-1,-1,-1
56,14,1657.12,527.62,35.14,98.53,0.7227,-1,-1,-1
56,12,382.01,549.46,45.56,128.81,0.5221,-1,-1,-1
57,2,1567.33,552.86,53.40,157.78,0.7168,-1,-1,-1
57,14,1659.45,522.65,36.65,102.81,0.7179,-1,-1,-1
57,12,379.46,550.73,45.07,127.91,0.5247,-1,-1,-1
58,2,1572.16,556.28,52.22,153.77,0.6330,-1,-1,-1
58,14,1661.52,516.53,37.99,107.02,0.6824,-1,-1,-1
58,12,376.28,548.27,45.33,129.58,0.5754,-1,-1,-1
59,2,1578.09,561.67,50.66,149.07,0.6308,-1,-1,-1
59,14,1664.89,511.72,39.53,110.90,0.6578,-1,-1,-1
59,12,372.53,545.10,45.40,131.28,0.5620,-1,-1,-1
60,2,1581.87,560.47,51.38,151.23,0.6268,-1,-1,-1
60,14,1667.11,510.69,39.93,111.27,0.7210,-1,-1,-1
60,12,368.47,546.57,44.35,129.29,0.5510,-1,-1,-1
61,2,1585.31,552.12,53.11,156.71,0.6205,-1,-1,-1
61,14,1669.42,509.51,39.71,108.85,0.7169,-1,-1,-1
62,2,1590.26,554.66,53.11,156.19,0.7001,-1,-1,-1
62,14,1673.91,516.04,38.99,105.00,0.5488,-1,-1,-1
63,2,1596.32,547.73,53.07,156.02,0.6411,-1,-1,-1
63,14,1680.77,515.06,36.39,97.32,0.5719,-1,-1,-1
64,2,1601.77,558.67,52.69,153.30,0.6265,-1,-1,-1
64,14,1687.12,525.47,35.37,95.00,0.6374,-1,-1,-1
65,2,1605.31,561.13,52.43,151.18,0.7297,-1,-1,-1
65,14,1690.89,528.14,33.79,90.74,0.6811,-1,-1,-1
66,2,1611.57,561.64,52.44,150.25,0.7218,-1,-1,-1
66,14,1697.00,522.78,34.09,91.80,0.6913,-1,-1,-1
66,18,287.60,565.89,42.47,114.72,0.5079,-1,-1,-1
66,13,398.97,566.87,46.51,123.52,0.5012,-1,-1,-1
66,12,348.69,556.77,46.39,134.96,0.6009,-1,-1,-1
67,2,1615.29,566.10,53.81,153.52,0.7347,-1,-1,-1
67,14,1699.97,532.13,33.91,90.96,0.6537,-1,-1,-1
67,13,395.10,561.64,45.94,121.47,0.5553,-1,-1,-1
67,12,344.47,548.52,47.09,135.74,0.5524,-1,-1,-1
68,2,1619.18,565.52,53.87,152.80,0.7318,-1,-1,-1
68,14,1702.65,529.99,33.56,90.09,0.5779,-1,-1,-1
68,13,390.50,562.07,47.15,123.22,0.5489,-1,-1,-1
68,12,341.54,554.06,46.01,132.12,0.5780,-1,-1,-1
69,2,1623.32,569.62,55.32,156.02,0.7563,-1,-1,-1
69,14,1705.37,535.97,33.95,90.88,0.6500,-1,-1,-1
70,2,1627.47,567.76,55.97,156.84,0.7757,-1,-1,-1
70,14,1706.62,535.65,34.51,92.32,0.5962,-1,-1,-1
70,13,380.85,556.95,48.70,127.74,0.5873,-1,-1,-1
70,12,332.00,547.25,48.25,138.02,0.5193,-1,-1,-1
71,2,1631.32,570.82,56.84,158.83,0.7564,-1,-1,-1
71,14,1707.79,536.85,34.86,93.24,0.6897,-1,-1,-1
71,13,375.59,554.20,49.00,128.68,0.5607,-1,-1,-1
71,12,329.24,547.22,47.54,135.92,0.5147,-1,-1,-1
72,2,1633.53,563.22,60.40,169.28,0.7885,-1,-1,-1
72,14,1708.83,536.91,34.56,91.89,0.6906,-1,-1,-1
72,13,370.65,554.38,49.24,130.13,0.6105,-1,-1,-1
72,12,326.32,550.43,47.29,134.39,0.6164,-1,-1,-1
73,2,1637.86,563.91,61.15,171.64,0.6738,-1,-1,-1
73,14,1710.64,538.49,35.66,93.92,0.5833,-1,-1,-1
73,13,366.02,550.26,49.83,132.54,0.5836,-1,-1,-1
74,2,1643.14,568.82,60.77,169.07,0.7210,-1,-1,-1
74,14,1712.39,537.28,35.69,93.55,0.5858,-1,-1,-1
75,2,1646.68,575.46,60.09,165.46,0.7429,-1,-1,-1
75,14,1713.77,538.90,35.90,93.58,0.5706,-1,-1,-1
75,13,356.02,555.05,48.28,128.73,0.6082,-1,-1,-1
76,2,1650.21,578.28,60.16,164.43,0.7341,-1,-1,-1
76,14,1714.94,539.57,35.55,91.75,0.5478,-1,-1,-1
77,2,1653.28,580.66,60.67,163.64,0.7195,-1,-1,-1
77,14,1715.81,540.76,35.58,91.10,0.5368,-1,-1,-1
77,13,343.97,550.49,49.34,132.00,0.6133,-1,-1,-1
78,2,1656.37,581.92,61.65,164.45,0.7336,-1,-1,-1
78,14,1715.75,541.09,35.87,91.15,0.5829,-1,-1,-1
78,13,339.62,551.80,49.33,132.61,0.5297,-1,-1,-1
79,2,1659.09,584.68,62.26,162.90,0.7503,-1,-1,-1
79,14,1715.49,540.66,35.99,90.62,0.5743,-1,-1,-1
79,13,333.83,549.28,50.33,135.42,0.5562,-1,-1,-1
79,18,273.78,537.92,55.00,145.88,0.5009,-1,-1,-1
80,2,1659.73,583.01,64.65,166.41,0.7249,-1,-1,-1
80,14,1714.72,537.78,36.66,91.60,0.6115,-1,-1,-1
80,13,327.94,551.74,50.03,134.60,0.6084,-1,-1,-1
80,18,268.68,536.45,57.02,148.57,0.5575,-1,-1,-1
81,2,1661.66,582.67,65.58,167.01,0.7504,-1,-1,-1
81,14,1713.87,536.79,36.85,91.45,0.5704,-1,-1,-1
81,13,320.44,552.81,49.99,133.94,0.5708,-1,-1,-1
82,2,1663.17,583.09,67.22,170.08,0.7395,-1,-1,-1
82,14,1712.99,537.13,36.68,91.19,0.6128,-1,-1,-1
83,2,1666.18,582.57,67.78,171.96,0.7061,-1,-1,-1
83,14,1712.43,536.88,36.52,91.08,0.5894,-1,-1,-1
83,13,306.73,557.51,49.38,131.32,0.6694,-1,-1,-1
84,2,1666.95,580.59,70.02,176.76,0.7242,-1,-1,-1
84,14,1712.12,535.93,36.70,92.25,0.5715,-1,-1,-1
84,19,123.17,560.98,52.40,134.25,0.5341,-1,-1,-1
84,13,299.81,561.56,49.13,128.42,0.5318,-1,-1,-1
85,2,1668.90,580.85,71.23,179.62,0.7671,-1,-1,-1
85,19,115.54,564.16,51.98,133.06,0.5264,-1,-1,-1
85,13,292.41,562.03,49.36,128.96,0.5021,-1,-1,-1
86,2,1671.70,580.89,71.19,179.79,0.7646,-1,-1,-1
86,13,284.82,561.53,50.01,131.16,0.5830,-1,-1,-1
87,2,1673.22,583.51,71.49,180.21,0.7968,-1,-1,-1
87,13,280.34,563.31,50.53,132.05,0.5734,-1,-1,-1
87,19,100.95,562.02,53.07,135.19,0.5342,-1,-1,-1
88,2,1674.83,582.52,72.81,184.04,0.7977,-1,-1,-1
88,13,272.02,567.82,50.56,131.78,0.5029,-1,-1,-1
88,19,92.78,566.09,51.35,130.77,0.5030,-1,-1,-1
89,2,1676.95,583.75,74.02,188.45,0.8037,-1,-1,-1
90,2,1679.78,585.21,74.93,192.21,0.7568,-1,-1,-1
90,13,260.82,570.84,51.73,134.20,0.5301,-1,-1,-1
91,2,1684.36,594.48,73.66,188.64,0.7887,-1,-1,-1
92,2,1688.10,600.17,73.10,186.88,0.7964,-1,-1,-1
92,24,407.85,553.59,46.63,125.29,0.5375,-1,-1,-1
92,13,248.06,558.98,58.64,151.84,0.5456,-1,-1,-1
93,2,1689.82,604.85,73.24,186.97,0.8092,-1,-1,-1
93,24,401.52,556.03,47.05,126.56,0.5216,-1,-1,-1
93,13,241.76,567.73,55.68,144.80,0.5533,-1,-1,-1
94,2,1690.95,607.47,73.52,187.60,0.8040,-1,-1,-1
94,24,392.53,556.09,47.81,128.79,0.6202,-1,-1,-1
94,13,236.04,573.81,54.77,142.13,0.5421,-1,-1,-1
94,25,183.69,562.18,50.09,154.73,0.5233,-1,-1,-1
95,2,1692.74,610.58,74.27,189.29,0.7915,-1,-1,-1
95,24,386.77,558.57,47.59,128.47,0.5344,-1,-1,-1
95,13,228.63,578.44,54.45,140.12,0.5212,-1,-1,-1
95,25,177.48,563.74,50.14,154.58,0.6019,-1,-1,-1
96,2,1695.86,611.68,74.81,190.72,0.7886,-1,-1,-1
96,13,221.27,581.95,54.67,141.54,0.5758,-1,-1,-1
97,2,1700.09,613.14,75.66,192.62,0.7860,-1,-1,-1
97,13,212.86,580.09,55.66,143.87,0.6522,-1,-1,-1
97,26,1692.89,544.77,43.36,94.21,0.5334,-1,-1,-1
97,24,371.36,556.86,49.40,133.65,0.5171,-1,-1,-1
97,25,163.20,578.49,45.93,140.75,0.5563,-1,-1,-1
98,2,1704.16,613.43,76.78,195.59,0.7919,-1,-1,-1
98,13,204.02,581.57,56.15,145.48,0.6216,-1,-1,-1
98,26,1690.18,545.96,43.64,94.96,0.5095,-1,-1,-1
98,24,367.86,575.44,43.37,116.40,0.6109,-1,-1,-1
98,25,155.00,582.78,46.78,142.49,0.5599,-1,-1,-1
99,2,1707.15,614.77,77.61,197.39,0.7603,-1,-1,-1
99,13,196.30,579.76,56.59,147.55,0.6654,-1,-1,-1
99,26,1686.58,546.14,46.38,101.24,0.5021,-1,-1,-1
99,24,359.36,570.54,45.60,122.44,0.5577,-1,-1,-1
100,2,1710.14,614.07,78.74,199.78,0.7946,-1,-1,-1
100,13,189.20,585.47,55.16,143.60,0.6085,-1,-1,-1
100,26,1683.75,548.16,46.57,101.96,0.6411,-1,-1,-1
100,24,351.84,575.30,44.92,119.10,0.5459,-1,-1,-1
100,25,136.48,585.02,46.67,140.08,0.5672,-1,-1,-1
101,2,1712.15,615.87,79.81,202.18,0.7865,-1,-1,-1
101,13,181.23,583.70,55.98,145.02,0.5850,-1,-1,-1
101,26,1681.35,550.21,46.83,103.36,0.7197,-1,-1,-1
101,24,342.90,573.00,45.88,121.01,0.5708,-1,-1,-1
101,25,128.65,580.85,48.56,143.75,0.6033,-1,-1,-1
102,2,1714.64,619.49,79.69,200.93,0.8136,-1,-1,-1
102,13,172.97,583.81,56.19,145.23,0.5693,-1,-1,-1
102,26,1679.68,550.76,46.47,103.71,0.7410,-1,-1,-1
102,24,334.53,575.42,45.84,120.22,0.6190,-1,-1,-1
102,25,119.12,581.54,49.86,145.88,0.6262,-1,-1,-1
103,2,1716.27,619.60,81.65,204.76,0.8262,-1,-1,-1
103,13,165.21,587.33,55.67,143.28,0.5183,-1,-1,-1
103,26,1678.75,550.87,45.62,103.04,0.7189,-1,-1,-1
103,25,108.84,579.32,51.50,149.45,0.5525,-1,-1,-1
104,2,1717.66,623.61,82.92,206.92,0.8178,-1,-1,-1
104,26,1677.66,551.77,44.91,102.89,0.7075,-1,-1,-1
104,25,99.00,577.61,52.28,150.14,0.5657,-1,-1,-1
105,2,1719.32,624.64,84.26,209.66,0.8057,-1,-1,-1
105,26,1676.48,550.57,44.52,103.68,0.6655,-1,-1,-1
105,25,90.11,579.06,52.62,149.83,0.6009,-1,-1,-1
105,24,306.87,566.09,50.63,132.14,0.5166,-1,-1,-1
105,13,147.86,586.49,56.42,144.25,0.5509,-1,-1,-1
106,2,1723.00,625.86,85.18,212.06,0.7799,-1,-1,-1
106,26,1673.72,549.76,44.49,105.53,0.6087,-1,-1,-1
106,25,79.16,575.73,53.96,153.33,0.5599,-1,-1,-1
106,24,299.77,566.64,50.48,131.26,0.5016,-1,-1,-1
106,13,139.22,578.33,59.42,152.14,0.5310,-1,-1,-1
107,2,1725.42,624.29,86.51,216.14,0.7890,-1,-1,-1
107,26,1671.96,548.47,43.69,105.87,0.5536,-1,-1,-1
107,25,69.76,573.31,55.17,155.84,0.5917,-1,-1,-1
107,30,353.71,562.60,41.31,140.79,0.5354,-1,-1,-1
108,2,1727.80,627.59,86.99,217.88,0.8030,-1,-1,-1
108,25,58.00,569.35,57.49,160.35,0.5359,-1,-1,-1
108,30,346.28,563.00,41.47,141.06,0.5371,-1,-1,-1
108,31,210.12,587.10,40.49,101.00,0.5889,-1,-1,-1
108,24,279.68,560.29,53.76,139.76,0.5478,-1,-1,-1
109,2,1729.95,628.53,88.17,221.43,0.8076,-1,-1,-1
109,30,337.29,556.88,43.59,148.57,0.5920,-1,-1,-1
109,31,200.86,587.62,42.00,105.02,0.5079,-1,-1,-1
109,26,1669.13,549.66,42.74,106.45,0.5373,-1,-1,-1
110,2,1731.37,629.25,89.22,224.88,0.8127,-1,-1,-1
110,30,328.92,562.76,41.99,142.59,0.6133,-1,-1,-1
110,31,190.70,587.34,42.14,105.58,0.5302,-1,-1,-1
110,13,101.32,572.94,60.95,158.08,0.5837,-1,-1,-1
110,25,36.63,567.65,59.42,162.49,0.5921,-1,-1,-1
110,24,255.77,553.87,57.55,148.94,0.5140,-1,-1,-1
111,2,1732.71,629.90,90.04,227.49,0.8115,-1,-1,-1
111,30,320.50,572.51,39.57,133.94,0.5317,-1,-1,-1
111,13,91.94,568.53,62.86,164.39,0.5886,-1,-1,-1
111,25,25.56,563.86,62.01,166.69,0.6223,-1,-1,-1
112,2,1734.68,632.25,90.34,228.18,0.8080,-1,-1,-1
112,30,308.87,571.36,40.65,137.64,0.5582,-1,-1,-1
112,13,83.80,572.55,61.51,161.21,0.5701,-1,-1,-1
112,25,16.35,566.40,63.23,165.54,0.5341,-1,-1,-1
112,24,240.13,567.37,53.65,137.99,0.5937,-1,-1,-1
113,2,1735.61,634.43,91.01,229.97,0.8039,-1,-1,-1
113,30,298.47,572.68,40.85,138.89,0.6007,-1,-1,-1
113,13,74.03,576.61,60.52,159.95,0.5790,-1,-1,-1
113,25,5.07,560.75,66.32,172.52,0.5961,-1,-1,-1
113,24,232.44,575.71,51.97,133.13,0.6197,-1,-1,-1
113,31,161.03,595.38,41.07,103.37,0.5199,-1,-1,-1
114,2,1737.24,635.57,91.24,230.96,0.7984,-1,-1,-1
114,13,61.88,568.03,63.34,168.77,0.6499,-1,-1,-1
114,25,1.64,571.52,62.42,163.67,0.5476,-1,-1,-1
114,24,221.39,581.39,50.72,128.34,0.5789,-1,-1,-1
114,31,149.63,597.80,40.27,102.47,0.6192,-1,-1,-1
115,2,1739.24,636.54,91.56,231.78,0.7915,-1,-1,-1
115,13,51.07,566.11,64.23,172.60,0.6516,-1,-1,-1
115,24,205.23,571.87,55.45,138.25,0.5423,-1,-1,-1
115,31,139.87,597.28,40.91,104.80,0.6164,-1,-1,-1
115,34,334.96,564.14,37.71,111.84,0.6417,-1,-1,-1
115,30,278.89,580.99,39.29,134.11,0.5716,-1,-1,-1
116,2,1740.70,636.72,92.65,234.94,0.7989,-1,-1,-1
116,13,42.12,571.30,62.65,169.85,0.6052,-1,-1,-1
116,24,197.64,575.42,56.00,139.70,0.5416,-1,-1,-1
116,31,128.80,599.15,39.93,103.32,0.5737,-1,-1,-1
116,34,326.90,566.89,37.36,110.67,0.6120,-1,-1,-1
116,25,-6.30,582.34,59.00,157.25,0.6271,-1,-1,-1
117,2,1741.54,638.79,93.99,238.26,0.8085,-1,-1,-1
117,13,31.47,573.79,62.45,170.06,0.5951,-1,-1,-1
117,31,118.56,600.23,39.01,101.10,0.5760,-1,-1,-1
117,34,317.02,566.82,38.14,112.75,0.5427,-1,-1,-1
117,25,-9.32,584.26,57.04,156.94,0.6280,-1,-1,-1
117,30,256.25,563.83,44.81,154.89,0.6098,-1,-1,-1
118,2,1742.81,638.06,96.18,244.00,0.8036,-1,-1,-1
118,13,21.40,577.21,62.05,169.36,0.5140,-1,-1,-1
118,31,108.75,600.84,40.09,104.57,0.5085,-1,-1,-1
118,34,308.61,560.95,40.26,119.43,0.6467,-1,-1,-1
118,30,246.81,570.32,43.68,152.58,0.6612,-1,-1,-1
118,24,180.15,584.22,54.26,136.00,0.5471,-1,-1,-1
119,2,1746.44,640.12,97.30,245.98,0.8215,-1,-1,-1
119,13,9.96,572.54,64.56,177.36,0.5951,-1,-1,-1
119,34,300.06,562.81,40.12,119.00,0.5508,-1,-1,-1
119,30,237.16,564.97,45.35,160.07,0.6096,-1,-1,-1
120,2,1750.72,644.17,97.91,245.55,0.8126,-1,-1,-1
120,13,0.84,565.22,66.99,187.81,0.5784,-1,-1,-1
120,34,290.59,561.03,41.62,123.80,0.5785,-1,-1,-1
120,30,226.10,571.06,44.60,157.54,0.6484,-1,-1,-1
120,24,157.70,584.68,55.99,141.48,0.6007,-1,-1,-1
121,2,1753.94,645.50,99.48,248.34,0.8092,-1,-1,-1
121,13,-7.35,556.00,68.70,197.22,0.5797,-1,-1,-1
121,34,284.74,563.17,40.27,120.41,0.6308,-1,-1,-1
121,30,216.38,570.43,45.39,161.06,0.5591,-1,-1,-1
121,24,146.98,587.25,55.55,139.62,0.5885,-1,-1,-1
121,31,75.67,602.64,42.12,111.45,0.5915,-1,-1,-1
122,2,1755.88,646.78,100.72,251.77,0.8083,-1,-1,-1
122,13,-12.49,555.77,67.23,199.74,0.6185,-1,-1,-1
122,34,275.81,563.94,40.48,120.83,0.6008,-1,-1,-1
122,30,206.22,573.43,45.44,159.92,0.6580,-1,-1,-1
122,24,138.36,592.99,55.42,140.38,0.5101,-1,-1,-1
123,2,1758.74,649.82,101.30,254.51,0.8086,-1,-1,-1
123,13,-13.50,568.12,60.98,187.64,0.5678,-1,-1,-1
123,34,265.92,559.28,43.18,129.20,0.6607,-1,-1,-1
123,30,196.61,580.78,44.72,154.99,0.5960,-1,-1,-1
124,2,1762.07,649.34,102.68,259.41,0.8160,-1,-1,-1
124,34,259.91,567.07,41.04,123.29,0.5866,-1,-1,-1
124,30,187.13,587.56,43.77,150.13,0.6279,-1,-1,-1
125,2,1767.97,648.66,103.72,262.07,0.8160,-1,-1,-1
125,34,251.27,570.03,40.43,121.42,0.5345,-1,-1,-1
125,30,177.25,590.30,44.33,149.25,0.6423,-1,-1,-1
126,2,1772.65,650.50,104.13,262.99,0.8114,-1,-1,-1
126,34,242.35,567.39,41.86,126.43,0.5828,-1,-1,-1
126,30,166.00,595.60,44.67,146.77,0.5843,-1,-1,-1
127,2,1777.03,651.09,105.32,266.11,0.8200,-1,-1,-1
127,34,234.89,569.47,41.58,126.35,0.5794,-1,-1,-1
127,30,156.57,600.51,44.78,145.14,0.5949,-1,-1,-1
128,2,1780.97,653.34,106.00,267.52,0.8193,-1,-1,-1
128,34,224.12,563.08,43.63,133.51,0.6125,-1,-1,-1
128,30,146.06,602.98,45.58,144.54,0.5498,-1,-1,-1
129,2,1787.11,655.77,107.31,269.42,0.8236,-1,-1,-1
129,34,216.66,566.12,43.25,133.41,0.5914,-1,-1,-1
129,30,133.08,600.56,47.74,150.78,0.5154,-1,-1,-1
130,2,1790.82,657.68,109.10,271.91,0.8219,-1,-1,-1
130,34,208.42,565.48,43.71,135.56,0.5546,-1,-1,-1
131,2,1794.41,659.12,111.71,276.68,0.8319,-1,-1,-1
132,2,1798.57,661.03,114.96,283.55,0.8652,-1,-1,-1
132,34,191.05,567.71,43.50,135.58,0.6432,-1,-1,-1
133,2,1802.31,662.83,117.00,289.24,0.8824,-1,-1,-1
133,34,182.24,566.14,43.87,136.40,0.5320,-1,-1,-1
133,30,78.99,594.38,52.88,168.50,0.5457,-1,-1,-1
134,2,1804.88,665.10,118.40,294.69,0.8508,-1,-1,-1
134,34,172.69,566.80,44.02,137.97,0.5591,-1,-1,-1
135,2,1806.46,666.29,119.72,301.24,0.8147,-1,-1,-1
135,34,164.70,570.03,43.54,137.63,0.5435,-1,-1,-1
135,24,-4.72,615.72,57.27,151.45,0.5673,-1,-1,-1
135,30,40.46,577.12,62.77,194.67,0.5413,-1,-1,-1
136,2,1809.51,669.91,119.32,305.11,0.8375,-1,-1,-1
136,37,509.35,527.25,29.41,73.78,0.5365,-1,-1,-1
136,24,-9.91,620.98,52.57,147.81,0.6005,-1,-1,-1
136,30,28.41,575.60,65.19,198.70,0.5249,-1,-1,-1
137,2,1813.39,677.36,117.78,307.20,0.7742,-1,-1,-1
137,37,504.32,527.34,30.05,75.42,0.5479,-1,-1,-1
137,30,18.58,574.32,66.53,203.02,0.6259,-1,-1,-1
138,2,1817.35,679.22,116.22,310.70,0.7835,-1,-1,-1
138,37,500.83,530.45,29.12,72.95,0.5814,-1,-1,-1
138,30,8.39,573.27,66.42,204.86,0.6375,-1,-1,-1
139,2,1819.71,679.89,114.95,315.31,0.7701,-1,-1,-1
139,30,-0.14,576.85,64.53,201.93,0.6160,-1,-1,-1
139,40,1565.72,554.19,46.03,109.11,0.5947,-1,-1,-1
140,2,1824.82,682.52,110.73,312.65,0.7505,-1,-1,-1
140,30,-9.57,575.88,64.99,209.86,0.6252,-1,-1,-1
140,40,1562.52,550.97,46.70,111.15,0.6625,-1,-1,-1
140,41,1696.39,552.78,51.18,115.36,0.5277,-1,-1,-1
141,2,1830.06,680.41,106.92,312.18,0.6799,-1,-1,-1
141,30,-14.61,579.47,61.65,207.94,0.5907,-1,-1,-1
141,40,1559.63,550.18,46.54,111.30,0.7275,-1,-1,-1
141,37,484.59,528.43,29.33,73.80,0.5268,-1,-1,-1
142,2,1837.24,693.51,99.39,300.22,0.6423,-1,-1,-1
142,40,1557.95,551.77,45.06,108.07,0.6806,-1,-1,-1
143,2,1842.70,702.82,94.66,297.12,0.5927,-1,-1,-1
143,40,1554.71,553.32,45.18,108.89,0.5899,-1,-1,-1
143,37,477.45,527.62,29.32,73.24,0.5369,-1,-1,-1
144,40,1551.10,555.64,44.83,109.07,0.7093,-1,-1,-1
144,37,473.01,527.46,29.67,74.67,0.5946,-1,-1,-1
145,40,1546.44,557.09,43.95,107.91,0.6957,-1,-1,-1
145,37,467.91,527.17,29.35,74.00,0.5255,-1,-1,-1
145,41,1692.23,569.86,47.33,107.26,0.6018,-1,-1,-1
146,40,1542.40,556.16,44.48,110.14,0.6497,-1,-1,-1
146,37,462.71,526.23,29.41,74.54,0.5848,-1,-1,-1
146,41,1692.23,573.85,44.83,101.80,0.6214,-1,-1,-1
147,40,1538.61,557.09,43.92,109.53,0.6766,-1,-1,-1
147,37,457.18,526.48,29.82,75.60,0.5244,-1,-1,-1
147,41,1689.84,574.55,44.99,102.88,0.5343,-1,-1,-1
148,40,1532.21,555.36,45.26,112.55,0.6901,-1,-1,-1
148,37,453.01,528.57,29.39,74.20,0.5903,-1,-1,-1
149,40,1524.38,554.74,46.52,113.55,0.6863,-1,-1,-1
149,37,448.13,528.89,29.54,74.85,0.5575,-1,-1,-1
149,41,1680.99,571.88,45.61,104.87,0.6105,-1,-1,-1
150,40,1518.95,558.40,46.27,109.61,0.7187,-1,-1,-1
150,37,442.73,528.65,30.12,76.37,0.5841,-1,-1,-1
150,41,1677.88,567.79,46.24,107.18,0.6682,-1,-1,-1
151,40,1515.55,559.72,46.94,109.02,0.7009,-1,-1,-1
151,37,436.02,527.38,30.69,77.92,0.5415,-1,-1,-1
151,41,1674.71,567.40,46.27,107.94,0.5866,-1,-1,-1
152,40,1511.68,558.48,48.06,110.43,0.6990,-1,-1,-1
152,37,429.82,529.34,30.42,76.98,0.5592,-1,-1,-1
152,41,1672.01,567.18,45.37,106.23,0.5131,-1,-1,-1
153,40,1507.08,557.68,48.74,110.09,0.6614,-1,-1,-1
153,37,424.43,530.55,29.62,75.37,0.5252,-1,-1,-1
154,40,1500.07,553.95,50.12,113.18,0.6689,-1,-1,-1
154,37,417.71,531.82,30.21,76.82,0.5157,-1,-1,-1
155,40,1492.95,552.82,49.96,113.09,0.6495,-1,-1,-1
155,37,410.80,530.33,30.97,79.27,0.5748,-1,-1,-1
156,40,1486.60,550.98,50.36,115.37,0.6682,-1,-1,-1
156,37,403.99,532.52,30.83,78.76,0.5339,-1,-1,-1
157,40,1479.95,551.36,49.26,113.82,0.6720,-1,-1,-1
157,37,398.03,534.52,30.43,77.79,0.5838,-1,-1,-1
158,40,1472.60,548.66,49.74,116.00,0.7304,-1,-1,-1
158,37,392.34,535.65,30.56,78.72,0.5319,-1,-1,-1
159,40,1467.19,546.89,49.89,117.90,0.7112,-1,-1,-1
159,37,386.73,537.09,30.20,78.30,0.5667,-1,-1,-1
160,40,1462.60,545.87,49.63,118.99,0.6753,-1,-1,-1
160,37,380.24,538.20,30.70,79.48,0.5007,-1,-1,-1
161,40,1458.51,546.67,48.72,117.96,0.6508,-1,-1,-1
162,40,1455.61,548.87,46.77,113.53,0.6770,-1,-1,-1
162,37,371.21,540.03,30.40,78.20,0.5280,-1,-1,-1
163,40,1450.97,549.64,46.82,113.42,0.6457,-1,-1,-1
164,40,1446.53,548.72,47.16,114.19,0.6249,-1,-1,-1
164,37,361.06,540.73,31.11,79.62,0.5371,-1,-1,-1
165,40,1440.43,547.93,48.09,115.55,0.6663,-1,-1,-1
165,37,355.01,541.49,31.43,80.35,0.5057,-1,-1,-1
166,40,1435.00,548.28,48.28,115.51,0.6798,-1,-1,-1
166,37,349.92,543.23,30.85,79.40,0.5511,-1,-1,-1
167,40,1430.64,545.14,48.58,117.19,0.6658,-1,-1,-1
167,37,344.76,543.70,30.70,78.78,0.6244,-1,-1,-1
168,40,1426.18,543.33,48.08,117.18,0.6641,-1,-1,-1
168,37,339.46,543.68,31.23,79.36,0.5757,-1,-1,-1
169,40,1422.09,543.79,47.58,117.45,0.6759,-1,-1,-1
169,37,335.23,544.02,31.44,79.02,0.5617,-1,-1,-1
170,40,1417.50,540.72,47.98,120.22,0.6740,-1,-1,-1
170,37,330.31,543.61,31.36,78.91,0.5520,-1,-1,-1
171,40,1412.54,539.30,48.75,123.21,0.5670,-1,-1,-1
171,37,325.47,543.95,31.07,77.88,0.5632,-1,-1,-1
172,40,1407.56,535.41,49.09,125.76,0.6204,-1,-1,-1
172,37,320.44,542.31,31.16,78.10,0.5779,-1,-1,-1
173,40,1402.71,532.54,49.53,128.40,0.5631,-1,-1,-1
173,37,315.00,541.44,32.32,80.80,0.5737,-1,-1,-1
174,40,1399.47,531.26,50.08,130.96,0.6384,-1,-1,-1
174,37,311.49,542.89,32.08,79.38,0.6001,-1,-1,-1
175,40,1394.16,531.88,50.82,131.47,0.6645,-1,-1,-1
176,40,1389.84,534.48,50.77,129.55,0.6767,-1,-1,-1
176,37,301.85,542.02,32.71,80.66,0.5860,-1,-1,-1
177,40,1386.49,534.22,51.58,130.35,0.7054,-1,-1,-1
177,37,298.06,542.27,32.19,78.43,0.6517,-1,-1,-1
178,40,1385.46,534.55,51.71,130.57,0.6719,-1,-1,-1
178,37,293.37,541.88,33.21,80.88,0.6082,-1,-1,-1
179,40,1384.74,535.82,51.05,129.44,0.6810,-1,-1,-1
179,37,289.22,540.77,34.10,82.94,0.6119,-1,-1,-1
180,40,1382.49,535.18,51.09,130.33,0.7040,-1,-1,-1
180,37,285.10,542.97,33.97,81.89,0.5634,-1,-1,-1
181,40,1380.37,536.22,49.40,127.99,0.7124,-1,-1,-1
181,37,281.05,542.84,34.58,83.20,0.5570,-1,-1,-1
182,40,1377.07,537.10,48.76,127.79,0.7275,-1,-1,-1
182,37,275.48,543.41,34.71,83.41,0.5938,-1,-1,-1
183,40,1373.41,536.72,48.57,128.50,0.7399,-1,-1,-1
183,37,271.35,543.99,35.05,84.76,0.6421,-1,-1,-1
184,40,1370.42,536.15,48.33,129.43,0.7634,-1,-1,-1
184,37,266.79,545.98,34.86,84.32,0.6225,-1,-1,-1
185,40,1368.04,534.68,48.57,131.34,0.7475,-1,-1,-1
185,37,262.61,547.38,34.61,83.52,0.5510,-1,-1,-1
186,40,1366.09,534.29,48.29,132.35,0.7192,-1,-1,-1
186,37,259.00,547.22,35.10,84.64,0.5228,-1,-1,-1
187,40,1364.00,533.80,48.01,133.12,0.7051,-1,-1,-1
187,37,254.46,548.12,35.42,85.64,0.5690,-1,-1,-1
188,40,1362.19,534.03,48.02,134.25,0.6752,-1,-1,-1
188,37,249.72,549.47,35.58,86.23,0.5666,-1,-1,-1
189,40,1358.63,532.61,49.18,137.28,0.6417,-1,-1,-1
189,37,245.49,549.86,36.52,89.14,0.5181,-1,-1,-1
190,40,1356.74,533.69,48.99,136.01,0.6758,-1,-1,-1
190,37,241.37,549.73,37.03,90.41,0.5532,-1,-1,-1
191,40,1354.84,534.49,49.09,135.28,0.6663,-1,-1,-1
191,37,238.08,552.85,36.25,88.29,0.5020,-1,-1,-1
191,43,1596.89,539.37,60.63,137.17,0.5088,-1,-1,-1
192,40,1353.48,539.85,47.52,129.56,0.6262,-1,-1,-1
192,37,234.70,553.01,36.39,88.03,0.5345,-1,-1,-1
193,40,1351.38,540.55,48.04,129.98,0.6603,-1,-1,-1
193,37,229.76,555.57,36.11,86.66,0.6065,-1,-1,-1
193,43,1601.15,538.92,60.04,136.10,0.5483,-1,-1,-1
194,40,1349.04,541.73,47.69,128.63,0.6725,-1,-1,-1
194,37,225.90,558.73,35.57,85.53,0.5888,-1,-1,-1
194,43,1606.47,548.43,55.86,126.62,0.5190,-1,-1,-1
195,40,1346.44,541.47,48.11,129.66,0.6875,-1,-1,-1
195,37,221.91,559.85,35.10,84.59,0.5122,-1,-1,-1
195,43,1606.09,548.53,56.14,126.86,0.5450,-1,-1,-1
196,40,1344.85,542.02,48.29,130.82,0.6782,-1,-1,-1
196,43,1608.35,548.90,55.98,126.46,0.5421,-1,-1,-1
197,40,1343.63,541.45,48.25,131.79,0.6293,-1,-1,-1
198,37,210.99,562.54,35.23,85.34,0.5394,-1,-1,-1
198,43,1615.35,552.10,53.64,122.34,0.5008,-1,-1,-1
199,37,206.58,562.76,35.64,86.52,0.5186,-1,-1,-1
199,43,1617.86,553.69,52.42,120.96,0.5727,-1,-1,-1
199,40,1342.35,543.29,46.35,127.26,0.6218,-1,-1,-1
200,43,1618.60,555.45,51.54,120.00,0.5277,-1,-1,-1
200,40,1341.62,544.96,46.06,126.71,0.6267,-1,-1,-1
201,43,1618.71,554.21,52.26,121.88,0.6185,-1,-1,-1
201,40,1341.10,547.92,45.12,124.04,0.6503,-1,-1,-1
202,43,1620.35,553.70,52.67,123.17,0.6072,-1,-1,-1
202,40,1339.48,548.52,45.30,124.39,0.6763,-1,-1,-1
202,37,193.62,563.34,37.74,91.72,0.6059,-1,-1,-1
203,43,1622.72,553.85,52.81,124.35,0.5664,-1,-1,-1
203,40,1338.59,551.30,44.49,120.84,0.7051,-1,-1,-1
203,37,190.21,563.92,38.34,92.24,0.5574,-1,-1,-1
204,43,1627.80,553.07,51.94,123.51,0.6135,-1,-1,-1
204,40,1337.56,551.28,44.93,121.21,0.7168,-1,-1,-1
204,37,187.55,565.46,38.30,91.80,0.5613,-1,-1,-1
205,43,1630.04,554.62,50.61,120.98,0.6115,-1,-1,-1
205,40,1335.92,548.02,46.24,124.59,0.7263,-1,-1,-1
205,37,182.67,566.76,38.01,91.16,0.5739,-1,-1,-1
206,43,1628.98,554.97,51.56,122.48,0.5101,-1,-1,-1
206,40,1335.43,547.87,46.49,125.17,0.7371,-1,-1,-1
206,37,178.64,567.77,38.05,90.68,0.5752,-1,-1,-1
207,40,1334.15,548.81,46.90,126.32,0.7599,-1,-1,-1
207,37,173.51,569.90,38.66,92.05,0.5725,-1,-1,-1
208,40,1333.09,547.59,47.91,128.74,0.7474,-1,-1,-1
208,37,168.92,570.57,38.77,92.33,0.5600,-1,-1,-1
209,40,1331.43,545.26,49.14,132.07,0.7468,-1,-1,-1
209,37,165.34,569.85,39.04,92.97,0.5244,-1,-1,-1
209,43,1641.75,558.24,50.96,123.45,0.6142,-1,-1,-1
210,40,1329.92,543.09,49.82,134.30,0.7449,-1,-1,-1
210,43,1644.85,559.71,50.57,123.68,0.5731,-1,-1,-1
211,40,1328.98,544.56,49.39,133.71,0.7634,-1,-1,-1
211,43,1650.89,565.36,48.45,119.84,0.5296,-1,-1,-1
211,37,159.09,570.70,40.14,94.99,0.5727,-1,-1,-1
212,40,1328.22,546.19,48.94,132.32,0.7383,-1,-1,-1
212,43,1655.29,560.37,50.59,126.37,0.5281,-1,-1,-1
212,37,155.86,570.80,40.29,95.28,0.6044,-1,-1,-1
213,40,1328.61,548.07,48.77,131.66,0.7345,-1,-1,-1
213,37,153.31,571.79,40.25,95.08,0.5522,-1,-1,-1
214,40,1329.49,547.51,49.37,133.41,0.6757,-1,-1,-1
214,37,150.94,573.71,40.08,94.42,0.5941,-1,-1,-1
214,43,1658.61,560.18,52.20,127.78,0.5132,-1,-1,-1
215,40,1329.71,548.06,49.85,134.80,0.6778,-1,-1,-1
215,37,148.69,572.53,40.19,94.86,0.5917,-1,-1,-1
215,43,1667.00,559.49,52.09,129.30,0.5428,-1,-1,-1
216,40,1331.00,550.30,49.73,134.96,0.6689,-1,-1,-1
216,43,1673.49,562.82,50.25,126.15,0.6051,-1,-1,-1
217,40,1331.89,550.73,49.82,135.52,0.7014,-1,-1,-1
218,40,1333.69,549.81,49.58,135.55,0.7457,-1,-1,-1
219,40,1335.32,550.24,49.57,136.28,0.7612,-1,-1,-1
219,43,1692.43,561.88,49.75,125.73,0.5400,-1,-1,-1
220,40,1337.44,549.29,50.11,138.35,0.7627,-1,-1,-1
220,43,1697.19,563.71,49.46,124.61,0.5392,-1,-1,-1
221,40,1339.96,548.23,50.72,141.06,0.7531,-1,-1,-1
221,43,1703.27,565.98,48.36,123.02,0.5218,-1,-1,-1
221,44,13.72,580.33,37.47,87.81,0.5348,-1,-1,-1
222,40,1342.94,546.40,49.85,140.12,0.7572,-1,-1,-1
222,43,1705.38,561.66,51.66,127.01,0.5033,-1,-1,-1
222,44,12.67,580.05,38.00,89.00,0.5541,-1,-1,-1
223,40,1345.20,546.62,49.56,140.00,0.7557,-1,-1,-1
223,43,1715.24,563.00,50.76,126.10,0.5336,-1,-1,-1
223,37,128.07,574.38,41.06,97.72,0.5022,-1,-1,-1
224,40,1347.18,544.62,49.76,141.22,0.7570,-1,-1,-1
225,40,1349.94,545.35,49.04,139.19,0.7485,-1,-1,-1
225,43,1729.56,555.92,52.56,129.67,0.5429,-1,-1,-1
226,40,1351.98,546.70,48.48,137.68,0.7008,-1,-1,-1
226,43,1734.80,557.18,52.49,126.91,0.5111,-1,-1,-1
227,40,1353.98,547.01,49.04,139.26,0.7483,-1,-1,-1
227,43,1743.39,558.21,51.90,126.39,0.5236,-1,-1,-1
228,40,1355.61,548.39,49.64,141.49,0.7463,-1,-1,-1
228,43,1751.06,554.83,52.93,128.66,0.5434,-1,-1,-1
229,40,1357.62,548.15,49.45,141.25,0.7454,-1,-1,-1
229,43,1755.95,557.14,53.56,128.03,0.5028,-1,-1,-1
230,40,1361.10,549.30,49.19,140.73,0.7491,-1,-1,-1
230,43,1764.71,555.95,53.27,127.40,0.5397,-1,-1,-1
231,40,1363.58,551.58,48.67,138.73,0.7345,-1,-1,-1
231,43,1774.45,553.94,54.57,130.21,0.5590,-1,-1,-1
232,40,1366.12,552.66,48.55,138.54,0.7349,-1,-1,-1
232,43,1780.72,553.73,55.97,131.27,0.5180,-1,-1,-1
233,40,1367.88,551.75,49.27,140.80,0.7661,-1,-1,-1
233,43,1791.11,556.66,55.21,128.91,0.5370,-1,-1,-1
234,40,1370.41,553.09,48.57,138.72,0.7041,-1,-1,-1
235,40,1374.40,553.94,48.06,136.97,0.6636,-1,-1,-1
236,40,1378.56,553.07,48.42,136.76,0.7028,-1,-1,-1
236,43,1824.37,552.02,53.85,125.26,0.5267,-1,-1,-1
237,40,1381.99,552.05,49.16,137.17,0.6999,-1,-1,-1
237,43,1835.54,548.83,54.57,126.11,0.5034,-1,-1,-1
238,40,1384.75,552.91,49.09,136.71,0.7134,-1,-1,-1
238,43,1844.58,546.50,58.01,134.61,0.5070,-1,-1,-1
239,40,1387.02,553.39,49.41,137.15,0.6842,-1,-1,-1
240,40,1389.76,550.63,50.71,141.28,0.7217,-1,-1,-1
241,40,1393.76,548.32,51.49,144.59,0.7552,-1,-1,-1
242,40,1398.53,548.10,51.63,145.88,0.6746,-1,-1,-1
243,40,1403.21,550.14,50.53,143.45,0.6901,-1,-1,-1
244,40,1408.93,553.77,49.24,139.92,0.7140,-1,-1,-1
245,40,1414.82,555.40,48.72,139.22,0.7655,-1,-1,-1
246,40,1420.56,554.64,49.02,140.84,0.7619,-1,-1,-1
247,40,1425.84,555.64,48.92,141.13,0.7415,-1,-1,-1
248,40,1432.29,556.33,48.93,141.65,0.7561,-1,-1,-1
249,40,1437.89,554.68,49.66,144.90,0.7948,-1,-1,-1
250,40,1444.29,549.80,50.67,148.82,0.7218,-1,-1,-1
251,40,1450.14,545.38,51.94,155.66,0.7527,-1,-1,-1
252,40,1457.49,547.61,50.38,152.32,0.7404,-1,-1,-1
253,40,1464.43,542.18,51.12,156.63,0.7455,-1,-1,-1
254,40,1470.24,539.62,51.20,158.29,0.7033,-1,-1,-1
255,40,1477.48,536.22,50.26,157.16,0.7114,-1,-1,-1
256,40,1486.13,537.98,49.77,156.41,0.7257,-1,-1,-1
257,40,1494.81,537.99,48.64,154.11,0.7083,-1,-1,-1
258,40,1503.99,543.59,47.65,151.23,0.6423,-1,-1,-1
259,40,1513.17,549.60,46.58,145.94,0.5939,-1,-1,-1
260,40,1518.41,550.81,48.76,146.99,0.6694,-1,-1,-1
261,40,1526.92,553.62,49.93,145.36,0.5765,-1,-1,-1
272,49,12.55,605.40,43.44,99.66,0.5138,-1,-1,-1
273,49,14.35,606.04,43.72,100.27,0.5929,-1,-1,-1
275,49,16.37,598.13,46.68,106.99,0.6144,-1,-1,-1
276,49,18.69,599.50,46.10,105.47,0.6279,-1,-1,-1
277,49,20.26,598.53,46.82,107.07,0.6056,-1,-1,-1
277,50,1669.37,590.94,73.42,227.73,0.5055,-1,-1,-1
278,49,21.43,597.76,47.64,109.00,0.5956,-1,-1,-1
279,49,23.88,597.94,48.04,109.86,0.6058,-1,-1,-1
279,50,1697.68,594.51,75.93,234.40,0.5978,-1,-1,-1
280,49,25.45,599.09,48.73,111.53,0.6286,-1,-1,-1
281,49,26.42,600.82,49.33,112.66,0.6286,-1,-1,-1
281,50,1734.56,608.01,77.31,234.14,0.5484,-1,-1,-1
282,49,28.49,603.62,48.81,111.35,0.6182,-1,-1,-1
282,50,1750.73,611.31,80.06,235.71,0.6271,-1,-1,-1
283,49,30.82,608.15,47.90,109.17,0.6025,-1,-1,-1
283,50,1781.17,610.27,82.12,240.30,0.6215,-1,-1,-1
284,49,32.65,609.70,48.13,109.77,0.6394,-1,-1,-1
284,50,1804.95,610.50,84.43,243.96,0.7479,-1,-1,-1
285,49,34.63,611.47,48.17,110.20,0.6388,-1,-1,-1
285,50,1827.25,612.84,85.49,245.86,0.8108,-1,-1,-1
285,51,1764.88,550.30,57.92,183.06,0.6448,-1,-1,-1
286,49,35.55,612.62,48.67,111.56,0.6464,-1,-1,-1
286,50,1841.27,612.06,86.24,250.69,0.7455,-1,-1,-1
286,51,1776.43,547.20,59.64,188.35,0.7142,-1,-1,-1
287,49,37.27,613.47,49.08,112.40,0.6323,-1,-1,-1
287,50,1854.05,615.33,83.99,251.52,0.7013,-1,-1,-1
287,51,1793.54,547.89,60.54,191.15,0.7020,-1,-1,-1
288,49,39.21,614.56,49.27,112.32,0.6126,-1,-1,-1
288,51,1807.34,547.70,61.91,194.51,0.6716,-1,-1,-1
289,49,40.00,614.83,49.97,113.70,0.5697,-1,-1,-1
289,51,1820.77,544.80,63.06,197.77,0.7279,-1,-1,-1
290,49,41.87,613.34,51.02,115.82,0.6098,-1,-1,-1
290,51,1836.42,543.85,64.12,199.51,0.7608,-1,-1,-1
291,49,44.55,613.63,52.23,118.09,0.6152,-1,-1,-1
291,51,1847.58,539.20,65.18,203.82,0.7573,-1,-1,-1
292,49,45.40,612.84,53.54,121.07,0.6634,-1,-1,-1
292,51,1858.52,540.21,65.25,205.53,0.7129,-1,-1,-1
293,49,46.92,614.68,54.13,122.64,0.6508,-1,-1,-1
293,51,1867.98,539.98,64.38,208.06,0.6244,-1,-1,-1
294,49,48.36,618.18,53.57,121.15,0.6003,-1,-1,-1
295,49,49.35,620.23,53.34,119.78,0.6144,-1,-1,-1
296,49,50.55,620.94,53.56,119.25,0.5635,-1,-1,-1
297,49,50.96,621.63,54.31,120.16,0.6090,-1,-1,-1
298,49,50.99,621.82,54.64,120.29,0.6082,-1,-1,-1
299,49,51.24,622.74,54.60,119.58,0.6155,-1,-1,-1
300,49,50.98,621.12,56.12,122.61,0.5867,-1,-1,-1
301,49,49.82,623.50,56.14,122.79,0.5044,-1,-1,-1
308,49,46.51,636.67,58.65,127.29,0.5546,-1,-1,-1
309,49,45.43,637.06,58.85,127.03,0.6164,-1,-1,-1
310,49,44.40,638.47,59.06,126.79,0.5955,-1,-1,-1
311,49,43.28,641.13,59.57,126.76,0.6292,-1,-1,-1
312,49,41.75,641.63,59.74,126.51,0.5799,-1,-1,-1
313,49,40.51,643.20,61.00,128.55,0.6416,-1,-1,-1
314,49,38.45,645.07,61.03,128.65,0.5439,-1,-1,-1
315,49,36.91,645.33,61.03,128.97,0.5438,-1,-1,-1
321,49,25.26,648.85,63.60,135.44,0.5092,-1,-1,-1
323,54,1538.49,584.52,59.14,142.56,0.5776,-1,-1,-1
323,49,19.94,648.60,64.19,137.64,0.5179,-1,-1,-1
324,54,1542.27,590.14,56.77,136.82,0.5380,-1,-1,-1
324,49,16.53,647.37,63.97,138.00,0.5101,-1,-1,-1
325,49,14.53,648.16,63.34,136.85,0.5181,-1,-1,-1
326,49,10.99,647.72,63.13,137.04,0.5601,-1,-1,-1
326,55,1415.64,598.35,63.94,150.98,0.5391,-1,-1,-1
327,49,8.06,647.56,62.95,137.11,0.6158,-1,-1,-1
327,55,1417.05,599.14,63.75,150.60,0.6185,-1,-1,-1
328,49,6.13,651.87,61.62,134.30,0.6030,-1,-1,-1
328,55,1418.26,595.57,65.70,155.28,0.6021,-1,-1,-1
329,55,1418.85,596.94,64.83,153.28,0.5802,-1,-1,-1
330,55,1420.32,596.43,65.11,154.67,0.5070,-1,-1,-1
330,49,1.65,652.78,59.36,131.64,0.5153,-1,-1,-1
331,55,1424.14,596.57,64.68,154.81,0.6447,-1,-1,-1
331,49,0.02,652.14,58.72,132.46,0.5149,-1,-1,-1
332,55,1427.70,599.97,62.84,151.26,0.6267,-1,-1,-1
332,49,-3.08,647.97,57.50,132.92,0.5161,-1,-1,-1
333,55,1428.57,597.10,64.36,155.31,0.5239,-1,-1,-1
333,49,-5.80,646.38,56.20,133.41,0.5680,-1,-1,-1
334,55,1425.54,595.03,65.88,158.12,0.5211,-1,-1,-1
334,49,-7.58,646.40,54.03,132.55,0.5768,-1,-1,-1
335,58,1823.19,519.61,50.89,134.54,0.6376,-1,-1,-1
336,58,1827.38,515.02,51.45,135.91,0.5639,-1,-1,-1
336,55,1428.23,588.95,69.73,164.15,0.5722,-1,-1,-1
336,49,-11.39,647.72,51.76,133.95,0.5375,-1,-1,-1
337,55,1431.48,591.15,71.60,166.95,0.6618,-1,-1,-1
338,55,1435.74,592.51,72.88,167.01,0.5655,-1,-1,-1
338,58,1840.49,518.58,49.91,131.78,0.5996,-1,-1,-1
339,55,1436.83,596.74,75.02,167.42,0.7191,-1,-1,-1
339,58,1845.83,518.93,49.95,132.08,0.5667,-1,-1,-1
340,55,1438.96,596.74,77.25,169.36,0.7526,-1,-1,-1
340,58,1850.16,518.68,49.71,131.40,0.5756,-1,-1,-1
340,59,1580.79,537.76,70.92,228.21,0.5742,-1,-1,-1
341,55,1439.92,599.89,78.93,171.30,0.7355,-1,-1,-1
342,55,1432.83,601.79,81.79,175.13,0.6930,-1,-1,-1
343,55,1437.65,610.60,79.27,171.80,0.6041,-1,-1,-1
344,55,1439.37,615.77,78.38,171.43,0.6753,-1,-1,-1
345,55,1439.44,618.48,80.49,178.83,0.6134,-1,-1,-1
346,55,1436.71,621.79,80.47,181.61,0.5912,-1,-1,-1
347,55,1433.06,625.97,81.55,184.93,0.5993,-1,-1,-1
347,54,1564.89,595.08,75.96,193.99,0.5165,-1,-1,-1
348,55,1437.44,630.07,80.40,186.92,0.6564,-1,-1,-1
348,54,1569.96,598.02,73.33,191.88,0.5148,-1,-1,-1
349,55,1438.78,634.26,80.73,190.58,0.6875,-1,-1,-1
350,55,1441.23,638.38,80.78,191.04,0.6503,-1,-1,-1
350,54,1579.65,611.29,71.60,186.04,0.5738,-1,-1,-1
351,55,1442.04,644.44,80.56,189.28,0.7042,-1,-1,-1
352,55,1437.13,649.10,82.52,190.21,0.6594,-1,-1,-1
352,63,88.93,673.68,59.82,176.30,0.5697,-1,-1,-1
352,54,1584.27,608.56,77.94,202.13,0.5264,-1,-1,-1
353,55,1439.87,651.89,84.01,191.62,0.6676,-1,-1,-1
353,54,1583.08,610.15,77.65,203.34,0.5756,-1,-1,-1
354,55,1444.06,655.67,85.36,195.71,0.6894,-1,-1,-1
354,54,1582.43,617.03,76.24,201.08,0.5588,-1,-1,-1
354,63,84.03,681.69,58.74,172.48,0.5197,-1,-1,-1
355,55,1445.11,657.36,85.55,196.53,0.6566,-1,-1,-1
355,54,1583.07,624.88,74.29,195.86,0.5786,-1,-1,-1
356,55,1444.58,659.27,87.25,198.63,0.6952,-1,-1,-1
356,54,1583.22,630.96,74.95,196.47,0.5770,-1,-1,-1
357,55,1447.27,665.00,86.95,198.10,0.7572,-1,-1,-1
357,54,1582.51,640.56,75.28,193.81,0.6404,-1,-1,-1
358,55,1448.88,670.55,85.30,194.99,0.7842,-1,-1,-1
358,54,1583.08,646.66,76.47,191.72,0.6255,-1,-1,-1
358,63,60.15,683.83,61.42,180.91,0.5443,-1,-1,-1
359,55,1448.94,679.15,84.17,193.67,0.6677,-1,-1,-1
359,54,1584.97,650.11,79.04,194.14,0.6683,-1,-1,-1
360,55,1450.02,683.61,83.25,193.61,0.7213,-1,-1,-1
360,54,1585.89,655.28,81.13,196.33,0.6186,-1,-1,-1
361,55,1449.14,686.36,83.65,197.81,0.7348,-1,-1,-1
361,54,1586.16,660.77,82.17,195.77,0.6780,-1,-1,-1
362,55,1449.13,684.75,85.16,203.62,0.7320,-1,-1,-1
362,54,1585.54,662.24,84.48,200.28,0.6443,-1,-1,-1
363,55,1448.43,682.07,88.33,214.95,0.7406,-1,-1,-1
363,54,1584.40,662.60,85.85,204.10,0.5625,-1,-1,-1
363,66,1340.71,599.82,54.89,221.53,0.5457,-1,-1,-1
364,55,1448.18,686.96,89.78,220.24,0.7584,-1,-1,-1
364,54,1579.92,663.26,88.07,211.76,0.6292,-1,-1,-1
365,55,1448.50,691.55,90.39,221.13,0.6988,-1,-1,-1
365,54,1578.09,665.83,87.76,214.21,0.5975,-1,-1,-1
366,55,1449.90,696.70,91.88,223.50,0.7253,-1,-1,-1
366,54,1575.29,665.51,87.93,217.84,0.6737,-1,-1,-1
366,67,1372.04,632.14,70.97,217.64,0.6042,-1,-1,-1
366,63,45.65,694.09,58.43,174.33,0.5618,-1,-1,-1
367,55,1453.00,704.21,91.61,222.73,0.7107,-1,-1,-1
367,54,1573.41,663.82,91.29,229.04,0.6498,-1,-1,-1
367,67,1373.07,637.28,70.03,214.86,0.5760,-1,-1,-1
367,68,4.28,712.45,52.40,186.49,0.5156,-1,-1,-1
367,63,41.67,700.55,56.94,172.73,0.5367,-1,-1,-1
368,55,1455.33,710.33,91.93,223.73,0.7127,-1,-1,-1
368,54,1572.72,664.54,92.94,234.86,0.6304,-1,-1,-1
368,67,1369.73,639.29,70.37,216.63,0.5891,-1,-1,-1
369,55,1458.41,711.63,93.17,227.92,0.5707,-1,-1,-1
369,54,1573.22,664.61,93.53,238.41,0.6316,-1,-1,-1
369,67,1369.75,641.89,70.24,217.19,0.5802,-1,-1,-1
369,66,1331.61,644.10,52.08,208.68,0.5574,-1,-1,-1
369,63,25.93,707.20,58.54,178.74,0.6029,-1,-1,-1
370,55,1459.68,715.52,93.98,230.24,0.6383,-1,-1,-1
370,54,1569.38,664.00,95.28,240.97,0.6565,-1,-1,-1
370,67,1366.31,643.94,70.87,219.96,0.5170,-1,-1,-1
371,55,1461.07,719.07,93.91,230.50,0.7186,-1,-1,-1
371,54,1567.06,666.68,96.46,239.20,0.6947,-1,-1,-1
371,68,10.83,713.61,52.66,187.03,0.5524,-1,-1,-1
372,55,1461.29,720.85,94.72,232.55,0.7244,-1,-1,-1
372,54,1564.46,668.81,99.15,241.38,0.6669,-1,-1,-1
372,68,6.56,716.67,52.21,184.11,0.6471,-1,-1,-1
372,67,1362.22,646.91,71.99,223.66,0.5200,-1,-1,-1
373,55,1460.54,721.29,95.78,235.10,0.7239,-1,-1,-1
373,54,1565.90,671.33,101.30,244.33,0.6847,-1,-1,-1
373,68,2.44,723.84,51.20,180.46,0.5496,-1,-1,-1
374,55,1457.13,723.13,96.67,237.36,0.7138,-1,-1,-1
374,54,1565.17,676.49,102.46,244.56,0.6547,-1,-1,-1
374,68,-1.85,728.90,49.71,177.16,0.6577,-1,-1,-1
374,67,1360.15,653.45,71.90,222.71,0.5884,-1,-1,-1
375,55,1452.90,724.97,96.46,239.50,0.7044,-1,-1,-1
375,54,1563.98,675.70,103.31,245.98,0.6330,-1,-1,-1
375,68,-5.71,732.57,49.05,178.68,0.5737,-1,-1,-1
375,67,1360.12,656.85,72.19,222.12,0.5840,-1,-1,-1
376,55,1450.66,726.66,95.82,241.69,0.7020,-1,-1,-1
376,54,1561.22,678.57,102.86,244.64,0.6108,-1,-1,-1
376,68,-9.51,734.44,46.07,174.37,0.5310,-1,-1,-1
376,67,1355.83,655.42,72.80,222.27,0.5088,-1,-1,-1
377,55,1449.57,726.76,96.19,246.48,0.6784,-1,-1,-1
377,54,1557.34,682.35,100.63,239.31,0.5969,-1,-1,-1
377,67,1352.88,651.81,75.20,226.20,0.5839,-1,-1,-1
378,55,1449.48,727.11,96.78,252.48,0.6445,-1,-1,-1
378,54,1552.00,683.74,101.90,242.64,0.6499,-1,-1,-1
379,55,1448.27,726.92,97.63,259.80,0.6688,-1,-1,-1
379,54,1545.24,680.22,102.77,247.53,0.7072,-1,-1,-1
380,55,1446.44,726.30,98.08,266.11,0.6928,-1,-1,-1
380,54,1539.25,680.18,103.50,251.25,0.6643,-1,-1,-1
381,55,1448.35,727.67,98.32,268.51,0.7050,-1,-1,-1
381,54,1527.24,680.23,104.18,257.29,0.6150,-1,-1,-1
382,55,1446.91,731.30,97.98,269.51,0.6865,-1,-1,-1
382,54,1523.23,679.07,102.71,259.92,0.5855,-1,-1,-1
383,55,1446.43,736.20,97.77,269.06,0.7161,-1,-1,-1
383,54,1521.40,684.65,98.92,254.10,0.5602,-1,-1,-1
383,70,1319.39,648.90,59.86,186.70,0.6668,-1,-1,-1
384,55,1445.06,740.02,98.77,270.96,0.7348,-1,-1,-1
384,54,1516.14,684.76,99.47,257.88,0.5851,-1,-1,-1
384,70,1315.09,647.88,60.22,188.28,0.6727,-1,-1,-1
385,55,1441.61,742.18,99.20,271.98,0.7481,-1,-1,-1
385,54,1515.30,687.84,97.54,253.95,0.6054,-1,-1,-1
386,55,1434.65,745.24,99.59,274.18,0.7487,-1,-1,-1
386,54,1512.32,692.88,97.34,253.40,0.5701,-1,-1,-1
387,55,1429.78,746.60,99.26,275.64,0.7025,-1,-1,-1
387,54,1506.64,693.94,98.30,256.22,0.6553,-1,-1,-1
388,55,1425.83,747.13,100.10,280.75,0.6605,-1,-1,-1
388,54,1497.50,685.53,103.21,269.13,0.5974,-1,-1,-1
389,55,1422.95,747.30,101.72,287.85,0.5931,-1,-1,-1
389,54,1490.71,684.01,105.75,273.91,0.6406,-1,-1,-1
390,55,1416.65,749.13,102.86,291.37,0.6095,-1,-1,-1
390,54,1488.11,689.16,104.50,269.59,0.5612,-1,-1,-1
391,55,1411.51,751.65,105.59,296.90,0.5774,-1,-1,-1
391,54,1487.39,705.96,98.54,250.21,0.5664,-1,-1,-1
392,55,1402.49,755.43,106.09,297.53,0.6735,-1,-1,-1
392,54,1478.55,708.14,100.40,251.71,0.5198,-1,-1,-1
393,55,1397.91,760.68,106.76,297.75,0.6515,-1,-1,-1
394,55,1389.71,764.19,107.21,299.65,0.5831,-1,-1,-1
395,55,1379.89,767.22,107.19,301.73,0.6790,-1,-1,-1
395,73,1173.70,649.19,68.07,236.41,0.6525,-1,-1,-1
395,54,1440.07,710.77,99.93,255.66,0.5118,-1,-1,-1
396,55,1372.71,771.19,107.40,302.92,0.7461,-1,-1,-1
396,73,1167.44,648.68,64.81,224.62,0.5778,-1,-1,-1
397,55,1364.74,772.94,107.69,305.41,0.6440,-1,-1,-1
397,73,1154.78,648.74,66.26,229.03,0.6025,-1,-1,-1
398,55,1359.04,771.60,108.57,306.50,0.5333,-1,-1,-1
398,73,1145.11,648.62,68.71,236.95,0.5449,-1,-1,-1
399,73,1132.39,652.35,66.30,228.30,0.6109,-1,-1,-1
399,78,1295.48,553.13,48.49,128.19,0.5964,-1,-1,-1
400,73,1120.03,652.87,75.55,257.15,0.5451,-1,-1,-1
400,78,1288.51,556.59,47.46,125.83,0.6083,-1,-1,-1
401,73,1102.08,655.98,74.81,252.50,0.7007,-1,-1,-1
401,78,1278.32,553.63,48.90,129.81,0.6619,-1,-1,-1
401,55,1328.24,773.25,109.55,307.34,0.5653,-1,-1,-1
402,73,1087.56,656.12,76.77,253.11,0.6523,-1,-1,-1
402,55,1319.11,776.52,109.16,303.95,0.6448,-1,-1,-1
403,73,1071.62,656.42,84.94,274.20,0.6647,-1,-1,-1
403,55,1309.27,767.73,113.26,312.04,0.6407,-1,-1,-1
404,73,1066.49,659.11,87.51,281.39,0.6716,-1,-1,-1
404,55,1295.14,768.05,114.72,311.41,0.7311,-1,-1,-1
404,81,1309.63,543.16,51.60,105.40,0.5543,-1,-1,-1
405,73,1050.42,660.06,89.33,282.85,0.6304,-1,-1,-1
405,55,1277.63,778.62,114.60,301.71,0.6210,-1,-1,-1
406,73,1028.72,661.49,92.22,284.72,0.7467,-1,-1,-1
406,55,1244.52,782.34,120.05,297.39,0.5779,-1,-1,-1
406,81,1290.29,542.62,51.00,104.63,0.6222,-1,-1,-1
407,73,1010.33,663.83,95.31,287.08,0.5517,-1,-1,-1
407,55,1219.33,781.99,126.78,297.74,0.6123,-1,-1,-1
407,82,1218.75,543.61,47.06,137.89,0.5248,-1,-1,-1
407,81,1278.45,548.10,49.31,101.60,0.5676,-1,-1,-1
408,73,999.86,666.81,96.66,289.31,0.6287,-1,-1,-1
408,55,1211.95,790.79,126.55,288.22,0.5678,-1,-1,-1
408,82,1208.52,545.91,45.54,133.35,0.5757,-1,-1,-1
408,81,1265.34,544.44,50.21,104.17,0.6265,-1,-1,-1
409,73,978.45,665.98,99.75,292.70,0.6842,-1,-1,-1
409,55,1200.85,792.45,127.77,287.29,0.7033,-1,-1,-1
409,82,1195.44,543.69,46.80,137.14,0.5569,-1,-1,-1
410,73,954.92,668.12,101.86,294.69,0.7119,-1,-1,-1
410,55,1191.31,805.12,123.06,275.12,0.5441,-1,-1,-1
410,82,1182.27,543.28,46.49,136.14,0.5673,-1,-1,-1
410,81,1239.53,542.00,51.37,107.05,0.5803,-1,-1,-1
411,73,939.00,669.45,102.81,294.39,0.5428,-1,-1,-1
411,55,1174.74,813.60,120.70,265.71,0.7390,-1,-1,-1
411,81,1227.01,544.14,51.26,107.44,0.5131,-1,-1,-1
412,73,917.41,667.72,107.86,300.63,0.6780,-1,-1,-1
412,55,1159.01,823.18,117.39,254.91,0.6996,-1,-1,-1
412,81,1213.01,540.64,52.02,110.48,0.5604,-1,-1,-1
412,82,1154.56,541.15,46.44,135.58,0.5157,-1,-1,-1
413,73,902.33,669.73,109.65,300.42,0.6614,-1,-1,-1
413,55,1132.10,818.42,122.40,261.02,0.5992,-1,-1,-1
413,81,1196.43,538.33,53.82,115.53,0.5650,-1,-1,-1
414,73,873.51,671.45,110.63,302.36,0.7009,-1,-1,-1
414,55,1118.56,824.95,119.95,254.74,0.6701,-1,-1,-1
414,81,1182.04,538.42,53.57,115.59,0.6610,-1,-1,-1
415,73,846.55,671.91,112.32,304.90,0.7166,-1,-1,-1
415,55,1090.16,822.90,122.62,256.37,0.5636,-1,-1,-1
415,81,1165.82,536.29,54.35,117.72,0.6298,-1,-1,-1
416,73,816.97,672.62,113.07,307.79,0.7553,-1,-1,-1
416,55,1072.96,827.60,120.31,250.00,0.6422,-1,-1,-1
416,81,1148.79,535.66,54.34,118.22,0.5831,-1,-1,-1
416,82,1096.70,536.69,48.78,142.27,0.5351,-1,-1,-1
417,73,787.73,675.13,113.34,308.77,0.7304,-1,-1,-1
417,55,1041.56,830.95,121.40,246.50,0.5397,-1,-1,-1
417,81,1135.13,533.71,54.48,118.68,0.5393,-1,-1,-1
418,73,757.35,675.98,114.17,311.40,0.7946,-1,-1,-1
418,55,1022.94,834.16,120.88,245.05,0.6615,-1,-1,-1
418,81,1119.48,531.93,54.76,118.80,0.7112,-1,-1,-1
419,73,724.93,677.23,116.36,315.32,0.7996,-1,-1,-1
419,55,1005.08,837.00,118.83,242.84,0.6643,-1,-1,-1
419,81,1102.79,531.47,54.32,118.50,0.5705,-1,-1,-1
419,78,1194.48,550.25,37.34,97.06,0.5641,-1,-1,-1
420,73,695.12,679.81,117.68,315.88,0.7663,-1,-1,-1
420,55,977.60,837.93,118.36,242.13,0.7124,-1,-1,-1
420,81,1089.60,531.43,53.32,116.64,0.6096,-1,-1,-1
420,87,904.94,782.90,116.61,296.76,0.5557,-1,-1,-1
420,78,1183.58,552.68,37.82,93.69,0.5381,-1,-1,-1
421,73,665.17,680.72,119.51,317.88,0.7828,-1,-1,-1
421,55,948.75,835.83,119.34,244.31,0.6579,-1,-1,-1
421,81,1073.23,531.70,53.67,117.09,0.6502,-1,-1,-1
421,78,1167.84,553.52,39.06,94.00,0.5058,-1,-1,-1
421,88,1755.29,578.21,69.90,201.72,0.6453,-1,-1,-1
421,82,1014.05,536.93,48.49,139.72,0.5131,-1,-1,-1
422,73,635.36,679.80,124.20,325.56,0.8119,-1,-1,-1
422,55,920.27,843.38,116.41,236.71,0.7687,-1,-1,-1
422,81,1054.38,529.95,53.52,117.01,0.5807,-1,-1,-1
422,82,994.73,529.81,50.79,143.19,0.5408,-1,-1,-1
423,73,606.85,682.60,125.15,325.33,0.7453,-1,-1,-1
423,55,889.23,848.64,114.77,231.47,0.7497,-1,-1,-1
423,81,1035.92,528.47,54.75,118.97,0.5553,-1,-1,-1
423,82,975.19,528.51,50.56,140.92,0.5009,-1,-1,-1
423,90,1547.92,607.66,84.37,171.59,0.6357,-1,-1,-1
424,73,574.63,687.15,127.14,325.04,0.7652,-1,-1,-1
424,55,861.66,855.99,111.75,224.13,0.7105,-1,-1,-1
424,81,1017.54,528.71,54.66,117.53,0.5796,-1,-1,-1
424,82,957.55,527.40,50.38,139.79,0.5572,-1,-1,-1
424,90,1534.17,609.77,83.29,170.09,0.6043,-1,-1,-1
425,73,535.13,687.27,130.93,329.60,0.7404,-1,-1,-1
425,55,829.23,861.93,109.89,218.18,0.7476,-1,-1,-1
425,81,997.24,527.95,56.03,120.69,0.5311,-1,-1,-1
425,90,1515.86,609.41,82.52,169.52,0.6158,-1,-1,-1
425,93,1677.45,572.27,70.94,208.19,0.6589,-1,-1,-1
426,73,489.94,691.72,130.80,329.67,0.6080,-1,-1,-1
426,55,797.46,867.51,108.19,212.58,0.7128,-1,-1,-1
426,81,978.14,527.47,56.40,121.47,0.5633,-1,-1,-1
426,90,1499.54,609.92,80.58,167.07,0.5682,-1,-1,-1
426,93,1660.80,576.89,68.93,202.13,0.6671,-1,-1,-1
426,82,919.02,523.02,52.50,144.98,0.5140,-1,-1,-1
427,73,458.77,696.10,137.08,333.66,0.6912,-1,-1,-1
427,81,958.45,529.59,56.06,121.24,0.5067,-1,-1,-1
427,90,1482.13,608.49,81.45,170.37,0.5369,-1,-1,-1
427,93,1638.23,580.40,69.38,202.93,0.5688,-1,-1,-1
428,73,425.64,699.43,143.29,339.97,0.5711,-1,-1,-1
428,81,938.49,529.79,57.10,123.77,0.5224,-1,-1,-1
428,93,1616.36,583.18,70.05,204.11,0.5802,-1,-1,-1
428,55,730.85,884.01,101.87,195.99,0.5370,-1,-1,-1
428,82,874.21,527.10,53.19,143.29,0.5738,-1,-1,-1
429,55,695.15,892.18,99.66,187.84,0.6580,-1,-1,-1
430,55,653.23,902.41,98.19,177.77,0.6652,-1,-1,-1
430,90,1430.44,611.54,87.07,184.78,0.6185,-1,-1,-1
430,73,341.78,707.90,145.12,336.96,0.7221,-1,-1,-1
430,93,1567.63,587.50,69.84,201.73,0.6544,-1,-1,-1
431,55,620.75,913.49,93.27,166.30,0.5316,-1,-1,-1
431,73,304.66,713.09,141.77,330.09,0.5726,-1,-1,-1
432,55,582.63,924.45,89.00,155.61,0.6391,-1,-1,-1
432,93,1522.61,591.69,71.96,205.23,0.6078,-1,-1,-1
433,55,541.52,935.93,85.33,144.40,0.6462,-1,-1,-1
433,93,1504.16,595.36,75.10,210.23,0.5098,-1,-1,-1
433,73,222.92,725.58,140.72,324.21,0.5648,-1,-1,-1
434,55,499.22,947.15,80.64,131.31,0.6239,-1,-1,-1
434,93,1479.09,595.47,75.41,210.72,0.5550,-1,-1,-1
434,98,300.46,878.25,202.44,201.75,0.7393,-1,-1,-1
434,73,156.35,729.34,140.14,335.07,0.6667,-1,-1,-1
434,90,1361.48,624.78,86.85,183.84,0.5637,-1,-1,-1
435,55,451.95,959.61,77.34,119.61,0.6150,-1,-1,-1
435,93,1456.26,599.12,75.01,209.59,0.5298,-1,-1,-1
435,98,268.33,886.68,193.71,193.32,0.7124,-1,-1,-1
435,73,103.30,734.59,137.71,339.97,0.6873,-1,-1,-1
435,90,1342.96,629.03,85.40,181.33,0.5609,-1,-1,-1
436,55,402.34,968.07,76.22,111.86,0.5863,-1,-1,-1
436,93,1432.42,601.11,74.78,209.07,0.6335,-1,-1,-1
436,98,228.39,893.21,186.26,186.79,0.7745,-1,-1,-1
436,73,51.27,736.48,135.50,342.38,0.7330,-1,-1,-1
436,90,1325.13,631.59,85.55,181.21,0.6079,-1,-1,-1
437,55,348.37,977.30,72.23,101.74,0.5183,-1,-1,-1
437,93,1408.12,601.13,74.07,209.00,0.5367,-1,-1,-1
437,98,181.51,903.01,175.93,176.99,0.7789,-1,-1,-1
437,73,6.39,739.63,135.12,341.76,0.7426,-1,-1,-1
437,90,1304.39,633.34,86.23,182.02,0.6758,-1,-1,-1
437,103,1223.93,644.22,83.37,231.93,0.5706,-1,-1,-1
438,93,1383.78,598.56,73.36,208.63,0.6426,-1,-1,-1
438,98,128.22,912.52,166.08,167.48,0.7473,-1,-1,-1
438,90,1282.97,632.40,86.64,183.90,0.5936,-1,-1,-1
438,103,1205.29,644.30,84.74,236.37,0.5704,-1,-1,-1
439,93,1359.09,599.49,73.17,210.11,0.6038,-1,-1,-1
439,98,71.72,921.19,157.34,158.81,0.7723,-1,-1,-1
439,90,1261.86,632.93,85.27,183.03,0.5901,-1,-1,-1
439,103,1183.58,645.79,86.09,240.02,0.6064,-1,-1,-1
440,93,1334.90,600.69,72.60,209.40,0.6070,-1,-1,-1
440,98,13.50,931.18,148.29,148.82,0.7368,-1,-1,-1
440,90,1240.36,634.17,87.20,189.22,0.5396,-1,-1,-1
440,103,1159.22,653.28,86.22,239.53,0.6821,-1,-1,-1
441,93,1307.91,599.27,75.01,217.22,0.5848,-1,-1,-1
441,98,-22.96,941.84,134.83,138.16,0.5770,-1,-1,-1
441,90,1218.67,634.05,87.83,194.22,0.5350,-1,-1,-1
441,103,1135.96,656.76,86.85,239.82,0.7630,-1,-1,-1
442,93,1283.79,600.77,74.09,215.92,0.6018,-1,-1,-1
442,90,1200.31,636.73,86.15,194.14,0.5192,-1,-1,-1
442,103,1112.02,667.44,85.03,232.15,0.7682,-1,-1,-1
443,93,1256.58,602.60,75.19,220.03,0.5905,-1,-1,-1
443,90,1179.81,637.34,86.02,197.13,0.6803,-1,-1,-1
443,103,1091.28,674.24,84.83,227.49,0.7825,-1,-1,-1
444,93,1231.61,604.41,74.55,217.83,0.6595,-1,-1,-1
444,90,1158.77,638.93,84.87,197.11,0.7124,-1,-1,-1
444,103,1063.66,677.45,87.01,229.96,0.7158,-1,-1,-1
445,93,1202.65,602.97,75.31,222.44,0.6144,-1,-1,-1
445,90,1135.84,638.05,86.09,202.47,0.6517,-1,-1,-1
445,103,1034.79,678.46,88.90,233.27,0.7714,-1,-1,-1
446,93,1179.33,603.77,75.24,222.36,0.6724,-1,-1,-1
446,90,1113.66,640.63,84.55,201.08,0.6798,-1,-1,-1
446,103,1004.59,677.69,91.71,239.79,0.7730,-1,-1,-1
447,93,1153.34,602.21,75.45,223.92,0.6953,-1,-1,-1
447,90,1087.74,643.84,84.41,202.68,0.6834,-1,-1,-1
447,103,975.35,674.23,94.97,249.12,0.6439,-1,-1,-1
448,93,1124.72,604.09,73.92,221.45,0.6608,-1,-1,-1
448,90,1064.24,641.71,83.98,204.26,0.6315,-1,-1,-1
448,103,943.98,672.46,96.49,253.75,0.6800,-1,-1,-1
449,93,1095.93,605.86,72.61,220.49,0.5668,-1,-1,-1
449,90,1039.75,640.45,84.99,208.05,0.6349,-1,-1,-1
449,103,916.19,671.52,101.33,264.94,0.6896,-1,-1,-1
450,90,1017.04,642.52,81.98,203.53,0.5216,-1,-1,-1
450,103,884.15,675.44,99.28,260.12,0.6483,-1,-1,-1
451,90,990.56,637.62,85.86,213.07,0.5234,-1,-1,-1
451,103,848.62,681.57,100.80,266.99,0.7650,-1,-1,-1
451,119,1821.49,774.88,86.09,304.17,0.8401,-1,-1,-1
452,103,819.30,686.65,102.26,270.49,0.8028,-1,-1,-1
452,119,1806.42,774.37,87.09,303.49,0.8553,-1,-1,-1
453,103,789.43,692.04,102.21,269.27,0.7357,-1,-1,-1
453,119,1787.58,773.69,90.05,304.64,0.8488,-1,-1,-1
453,90,940.22,622.76,93.03,232.29,0.5614,-1,-1,-1
454,103,753.79,695.47,103.10,271.47,0.7773,-1,-1,-1
454,119,1760.18,771.72,94.38,307.53,0.8562,-1,-1,-1
454,90,910.99,616.20,95.28,242.44,0.6743,-1,-1,-1
455,103,717.67,698.92,103.56,273.82,0.7854,-1,-1,-1
455,119,1729.06,772.00,98.61,307.77,0.8523,-1,-1,-1
455,90,883.32,617.18,95.13,246.27,0.7287,-1,-1,-1
456,103,676.22,697.16,107.14,288.27,0.7836,-1,-1,-1
456,119,1693.77,767.92,104.47,311.35,0.8585,-1,-1,-1
456,90,854.94,614.69,94.58,249.86,0.6912,-1,-1,-1
457,103,636.49,696.91,110.37,303.27,0.7722,-1,-1,-1
457,119,1656.26,762.51,111.11,316.66,0.8524,-1,-1,-1
457,90,824.48,620.16,94.25,250.65,0.5786,-1,-1,-1
457,122,762.98,629.44,67.56,227.48,0.6255,-1,-1,-1
458,103,602.27,700.14,113.09,313.81,0.7407,-1,-1,-1
458,119,1619.01,760.41,116.91,318.38,0.8505,-1,-1,-1
458,90,794.25,621.56,95.33,255.29,0.7007,-1,-1,-1
459,103,562.08,703.56,114.94,322.38,0.7353,-1,-1,-1
459,119,1580.97,755.92,123.90,323.69,0.8502,-1,-1,-1
460,103,517.79,706.72,117.50,333.31,0.7355,-1,-1,-1
460,119,1543.40,756.52,128.83,323.26,0.8536,-1,-1,-1
460,90,736.19,659.95,86.39,226.35,0.6046,-1,-1,-1
461,103,473.27,720.12,116.60,332.47,0.7103,-1,-1,-1
461,119,1505.45,758.90,132.67,321.07,0.8649,-1,-1,-1
461,90,702.86,646.83,92.21,244.84,0.6979,-1,-1,-1
462,103,431.37,730.61,116.23,328.91,0.7560,-1,-1,-1
462,119,1470.19,769.48,133.35,310.56,0.8505,-1,-1,-1
462,90,669.81,638.82,96.35,257.89,0.5890,-1,-1,-1
463,103,388.89,738.70,117.67,329.91,0.7758,-1,-1,-1
463,119,1434.49,783.98,132.27,296.07,0.8486,-1,-1,-1
463,90,639.28,645.88,97.58,258.20,0.7212,-1,-1,-1
464,103,345.41,747.99,119.89,329.30,0.6680,-1,-1,-1
464,119,1399.99,798.42,131.25,281.63,0.8722,-1,-1,-1
464,90,604.77,645.54,100.56,263.89,0.6788,-1,-1,-1
465,103,299.96,750.46,124.50,331.66,0.7200,-1,-1,-1
465,119,1365.06,813.98,129.69,266.06,0.8568,-1,-1,-1
465,90,567.10,647.71,102.92,266.92,0.7090,-1,-1,-1
466,103,250.25,757.36,127.52,326.29,0.8048,-1,-1,-1
466,119,1330.19,826.59,129.18,253.45,0.8279,-1,-1,-1
466,90,535.33,673.38,97.96,250.50,0.6716,-1,-1,-1
467,103,198.31,763.21,130.44,320.66,0.8410,-1,-1,-1
467,119,1296.36,837.81,128.48,241.53,0.7981,-1,-1,-1
467,90,498.71,681.87,99.38,250.09,0.6665,-1,-1,-1
468,103,142.71,765.53,134.32,316.96,0.8536,-1,-1,-1
468,119,1261.96,848.57,128.15,231.22,0.8419,-1,-1,-1
468,90,461.71,694.85,97.57,242.98,0.6066,-1,-1,-1
469,103,84.54,773.01,136.77,308.73,0.8414,-1,-1,-1
469,119,1227.51,855.79,128.36,223.75,0.8573,-1,-1,-1
469,90,421.84,698.08,99.70,244.83,0.5592,-1,-1,-1
470,103,27.74,776.23,140.07,306.09,0.8448,-1,-1,-1
470,119,1191.00,856.96,131.74,222.90,0.8428,-1,-1,-1
470,90,381.21,700.61,102.49,249.47,0.6652,-1,-1,-1
471,103,-6.70,783.30,135.18,296.52,0.7705,-1,-1,-1
471,119,1151.61,855.39,136.11,224.31,0.8499,-1,-1,-1
471,90,343.00,700.85,104.65,253.88,0.6806,-1,-1,-1
472,119,1111.20,853.60,140.60,226.31,0.8267,-1,-1,-1
472,90,302.27,700.55,105.95,256.40,0.6604,-1,-1,-1
472,136,224.67,653.36,98.07,283.26,0.5760,-1,-1,-1
473,119,1070.77,852.76,144.49,227.22,0.8491,-1,-1,-1
473,90,262.23,700.23,107.30,260.63,0.6885,-1,-1,-1
474,119,1030.14,852.11,148.36,227.90,0.8508,-1,-1,-1
474,90,220.71,703.78,106.38,260.48,0.6903,-1,-1,-1
474,137,132.55,656.94,112.55,291.61,0.6520,-1,-1,-1
475,119,987.40,851.98,150.94,227.70,0.8338,-1,-1,-1
475,90,176.84,702.99,108.44,268.11,0.7059,-1,-1,-1
476,119,943.77,858.08,149.37,221.82,0.7548,-1,-1,-1
476,90,131.72,705.37,109.95,271.65,0.7533,-1,-1,-1
477,119,906.70,863.21,150.53,216.76,0.6598,-1,-1,-1
477,90,82.97,705.55,112.91,279.24,0.7144,-1,-1,-1
478,119,864.90,868.83,151.32,211.17,0.7546,-1,-1,-1
479,119,821.06,880.24,148.10,199.77,0.6746,-1,-1,-1
480,119,775.58,889.70,145.98,190.32,0.6640,-1,-1,-1
481,119,724.28,884.38,153.03,195.63,0.7855,-1,-1,-1
482,119,687.26,880.69,155.13,199.32,0.7741,-1,-1,-1
483,119,629.67,879.15,157.76,200.59,0.8149,-1,-1,-1
483,140,1800.81,657.15,90.25,235.32,0.7170,-1,-1,-1
484,119,574.49,877.74,160.24,201.72,0.8335,-1,-1,-1
484,140,1762.54,656.37,91.70,238.89,0.6562,-1,-1,-1
485,119,520.77,878.56,160.84,200.85,0.8322,-1,-1,-1
485,140,1716.93,658.15,90.75,236.45,0.6314,-1,-1,-1
486,119,468.35,880.07,160.27,198.42,0.8497,-1,-1,-1
486,140,1676.66,657.37,81.62,212.27,0.6011,-1,-1,-1
487,119,416.22,887.81,156.23,190.86,0.8557,-1,-1,-1
488,119,365.10,898.83,150.22,180.13,0.8582,-1,-1,-1
489,119,317.34,912.85,141.37,165.81,0.8445,-1,-1,-1
490,119,269.16,926.40,132.81,152.51,0.8214,-1,-1,-1
491,119,222.14,942.19,123.09,137.47,0.8063,-1,-1,-1
492,119,171.59,950.94,118.73,128.99,0.8022,-1,-1,-1
493,119,119.39,958.97,115.21,121.03,0.8062,-1,-1,-1
494,119,61.81,965.48,112.69,114.55,0.7975,-1,-1,-1
495,119,9.18,967.71,112.00,112.24,0.8047,-1,-1,-1
496,119,-28.31,968.65,106.03,111.35,0.5919,-1,-1,-1
497,149,1184.48,688.07,69.78,272.69,0.5610,-1,-1,-1
501,154,1004.45,685.52,82.40,271.06,0.6590,-1,-1,-1
502,156,952.70,684.62,91.69,273.33,0.5906,-1,-1,-1
503,157,903.34,683.48,93.73,269.82,0.5857,-1,-1,-1
504,157,873.66,686.20,95.70,276.42,0.5891,-1,-1,-1
505,157,826.36,691.30,101.46,294.79,0.5896,-1,-1,-1
506,157,774.32,696.16,102.95,300.40,0.5742,-1,-1,-1
507,157,706.96,701.02,107.39,311.61,0.7068,-1,-1,-1
507,166,1826.31,654.23,61.81,181.63,0.7320,-1,-1,-1
508,157,650.12,709.09,111.98,323.52,0.7299,-1,-1,-1
509,157,598.29,716.03,112.27,324.10,0.7480,-1,-1,-1
510,157,547.82,723.13,113.79,330.01,0.6782,-1,-1,-1
511,157,496.48,732.22,113.49,330.47,0.7495,-1,-1,-1
512,157,435.89,742.44,113.44,324.49,0.7187,-1,-1,-1
513,157,380.78,748.73,116.34,330.72,0.7005,-1,-1,-1
513,182,1532.05,670.70,79.57,179.38,0.7514,-1,-1,-1
514,157,322.18,754.30,117.02,328.56,0.7654,-1,-1,-1
514,182,1556.92,671.71,85.68,193.52,0.6805,-1,-1,-1
515,157,268.65,760.14,116.20,323.54,0.6420,-1,-1,-1
515,182,1538.66,673.20,87.67,199.18,0.6554,-1,-1,-1
516,157,210.07,764.87,114.43,317.23,0.6316,-1,-1,-1
517,157,138.56,770.08,116.95,312.84,0.7482,-1,-1,-1
518,157,78.62,777.24,116.68,306.17,0.6758,-1,-1,-1
518,196,1837.12,731.80,68.43,274.53,0.6593,-1,-1,-1
519,157,19.34,784.34,117.12,298.69,0.8029,-1,-1,-1
519,196,1806.29,732.42,68.59,272.14,0.7417,-1,-1,-1
520,196,1771.17,733.25,69.87,273.43,0.5995,-1,-1,-1
520,202,1294.24,675.73,87.70,188.09,0.7500,-1,-1,-1
520,203,1388.54,677.09,61.46,196.56,0.7171,-1,-1,-1
521,196,1733.75,732.17,71.82,275.44,0.5822,-1,-1,-1
521,202,1264.34,680.64,85.93,184.15,0.7217,-1,-1,-1
521,203,1360.24,678.60,63.31,202.13,0.7112,-1,-1,-1
522,202,1229.69,680.78,85.95,184.51,0.7215,-1,-1,-1
522,203,1324.17,677.89,63.66,202.93,0.6762,-1,-1,-1
523,202,1195.64,684.40,84.12,181.15,0.7331,-1,-1,-1
523,203,1289.53,679.06,64.98,205.96,0.7021,-1,-1,-1
523,196,1666.63,729.89,72.67,269.48,0.6685,-1,-1,-1
524,202,1163.63,686.92,84.85,183.77,0.7118,-1,-1,-1
524,203,1257.12,681.33,65.64,206.87,0.7239,-1,-1,-1
524,196,1630.95,727.16,76.07,273.93,0.6905,-1,-1,-1
525,202,1128.26,682.93,87.55,191.73,0.6775,-1,-1,-1
525,203,1221.21,678.79,67.84,212.85,0.6373,-1,-1,-1
525,196,1597.55,727.60,78.69,274.24,0.7927,-1,-1,-1
526,202,1094.46,685.20,87.81,194.58,0.7436,-1,-1,-1
526,203,1185.46,678.40,70.43,218.79,0.7257,-1,-1,-1
526,196,1562.88,724.57,81.69,275.90,0.7742,-1,-1,-1
527,202,1063.86,684.99,87.13,195.74,0.6846,-1,-1,-1
527,203,1150.33,681.21,71.60,220.32,0.6787,-1,-1,-1
527,196,1529.57,723.37,83.47,274.04,0.5372,-1,-1,-1
528,202,1030.22,685.97,88.16,200.95,0.6997,-1,-1,-1
528,203,1116.42,684.21,73.50,223.32,0.7574,-1,-1,-1
528,196,1494.97,725.22,85.11,270.54,0.7009,-1,-1,-1
529,202,996.76,687.51,89.62,207.17,0.7331,-1,-1,-1
529,203,1077.78,687.49,76.62,227.44,0.7584,-1,-1,-1
529,196,1458.55,726.27,89.31,274.72,0.6292,-1,-1,-1
530,202,963.57,694.71,89.38,209.20,0.6681,-1,-1,-1
530,203,1042.50,690.54,79.29,230.12,0.6775,-1,-1,-1
530,196,1424.96,728.25,94.73,283.19,0.7403,-1,-1,-1
531,202,931.59,698.78,87.66,207.30,0.6237,-1,-1,-1
531,203,1008.53,695.74,81.94,231.52,0.7042,-1,-1,-1
531,196,1393.77,727.21,99.64,289.81,0.8185,-1,-1,-1
532,202,896.55,702.22,89.09,211.47,0.6622,-1,-1,-1
532,203,973.36,701.39,85.79,237.31,0.6895,-1,-1,-1
532,196,1366.48,731.84,103.02,290.67,0.7072,-1,-1,-1
533,202,861.05,706.77,88.37,210.08,0.6865,-1,-1,-1
533,203,942.79,702.78,88.32,241.69,0.7112,-1,-1,-1
533,196,1333.49,734.90,104.44,292.48,0.7369,-1,-1,-1
534,202,830.49,706.13,88.82,212.39,0.6525,-1,-1,-1
534,203,915.24,705.88,87.33,236.87,0.7622,-1,-1,-1
534,196,1303.25,737.19,105.45,293.54,0.7131,-1,-1,-1
535,202,798.20,706.14,91.30,220.67,0.6751,-1,-1,-1
535,203,882.65,707.83,89.41,242.60,0.7502,-1,-1,-1
535,196,1276.05,739.09,106.16,294.31,0.7396,-1,-1,-1
536,202,763.91,706.55,92.07,226.50,0.6747,-1,-1,-1
536,203,847.51,707.77,92.06,249.46,0.8327,-1,-1,-1
536,196,1249.87,738.96,106.25,293.95,0.7715,-1,-1,-1
537,202,726.72,705.34,92.66,235.14,0.6369,-1,-1,-1
537,203,815.48,710.07,92.37,252.23,0.7013,-1,-1,-1
537,196,1221.85,735.51,107.04,297.00,0.6899,-1,-1,-1
538,202,692.24,708.51,90.06,234.37,0.5697,-1,-1,-1
538,203,777.60,710.48,94.32,258.98,0.6952,-1,-1,-1
538,196,1195.10,736.06,106.31,295.29,0.7852,-1,-1,-1
539,202,659.28,712.96,88.02,232.77,0.7134,-1,-1,-1
539,203,742.77,713.61,96.56,266.70,0.7926,-1,-1,-1
539,196,1169.61,735.53,106.75,296.61,0.7507,-1,-1,-1
540,202,621.25,716.83,90.55,239.08,0.6407,-1,-1,-1
540,203,708.71,717.24,95.65,268.74,0.6594,-1,-1,-1
540,196,1139.78,737.54,108.25,301.74,0.7527,-1,-1,-1
541,202,579.70,721.52,94.65,246.81,0.7052,-1,-1,-1
541,203,672.54,722.88,97.97,274.41,0.6790,-1,-1,-1
541,196,1110.56,740.58,108.00,302.51,0.7251,-1,-1,-1
542,202,538.10,724.80,98.21,249.74,0.6912,-1,-1,-1
542,203,636.51,729.47,98.72,274.64,0.7086,-1,-1,-1
542,196,1075.40,747.94,111.47,309.97,0.6380,-1,-1,-1
542,226,942.76,583.01,43.10,111.65,0.7009,-1,-1,-1
543,202,500.59,730.67,103.10,255.27,0.7032,-1,-1,-1
543,203,599.47,735.19,100.90,280.48,0.7804,-1,-1,-1
543,196,1050.03,751.73,110.90,308.01,0.7283,-1,-1,-1
543,226,924.75,584.08,42.94,110.94,0.6851,-1,-1,-1
544,202,463.47,742.48,107.54,259.52,0.7274,-1,-1,-1
544,203,560.53,744.78,105.93,294.79,0.7091,-1,-1,-1
544,196,1023.54,758.12,111.23,309.23,0.7081,-1,-1,-1
544,226,901.44,585.58,43.34,111.70,0.7090,-1,-1,-1
545,202,432.35,746.91,107.71,252.52,0.7176,-1,-1,-1
545,203,526.84,747.69,106.54,295.99,0.7578,-1,-1,-1
545,196,993.04,757.08,113.35,314.43,0.7430,-1,-1,-1
545,226,881.82,584.31,43.77,112.15,0.7021,-1,-1,-1
546,202,394.36,746.72,111.15,258.39,0.7419,-1,-1,-1
546,203,489.71,750.12,109.12,302.51,0.7639,-1,-1,-1
546,196,969.07,758.25,112.42,311.68,0.6960,-1,-1,-1
546,226,861.03,584.95,43.90,112.00,0.7116,-1,-1,-1
547,202,356.25,748.08,112.10,263.23,0.7223,-1,-1,-1
547,203,454.38,753.53,107.90,300.76,0.8201,-1,-1,-1
547,196,939.77,756.68,114.10,313.56,0.7429,-1,-1,-1
547,226,841.64,584.74,44.39,112.33,0.7228,-1,-1,-1
548,202,314.65,751.54,114.21,271.61,0.7353,-1,-1,-1
548,203,414.04,754.28,108.63,305.57,0.7997,-1,-1,-1
548,196,915.28,760.84,112.26,306.93,0.7660,-1,-1,-1
548,226,822.71,584.95,44.85,112.30,0.7541,-1,-1,-1
549,202,276.70,758.09,113.35,272.08,0.7634,-1,-1,-1
549,203,374.85,757.93,110.49,311.16,0.7927,-1,-1,-1
549,196,887.32,755.92,114.38,310.67,0.7788,-1,-1,-1
549,226,801.86,582.85,45.89,113.54,0.7152,-1,-1,-1
550,202,235.90,759.78,115.36,281.30,0.7293,-1,-1,-1
550,203,337.41,760.36,112.14,313.94,0.7553,-1,-1,-1
550,196,861.85,757.90,114.55,310.22,0.7359,-1,-1,-1
550,226,782.56,583.20,47.05,115.37,0.7180,-1,-1,-1
551,202,190.76,762.52,118.53,294.31,0.7373,-1,-1,-1
551,203,293.14,764.78,110.76,310.40,0.7213,-1,-1,-1
551,196,842.44,769.60,110.56,299.51,0.6297,-1,-1,-1
551,226,763.08,584.64,47.60,116.07,0.6974,-1,-1,-1
552,202,147.87,767.66,120.49,304.59,0.6995,-1,-1,-1
552,203,247.89,768.43,111.52,311.55,0.7925,-1,-1,-1
552,196,805.12,732.74,125.84,342.58,0.7284,-1,-1,-1
552,226,745.57,584.78,47.93,115.27,0.7550,-1,-1,-1
553,202,101.99,773.09,119.76,307.27,0.6905,-1,-1,-1
553,203,200.65,775.50,110.76,306.53,0.7402,-1,-1,-1
553,196,784.97,739.91,123.92,339.06,0.7112,-1,-1,-1
553,226,726.58,583.06,49.38,117.47,0.7020,-1,-1,-1
554,202,60.02,780.46,116.67,301.93,0.7074,-1,-1,-1
554,203,153.86,781.86,110.64,300.89,0.7760,-1,-1,-1
554,196,763.77,751.97,120.07,328.17,0.7557,-1,-1,-1
554,226,707.04,582.28,50.56,119.02,0.7027,-1,-1,-1
555,202,16.63,789.31,113.12,293.40,0.7458,-1,-1,-1
555,203,112.18,793.57,109.53,289.22,0.7606,-1,-1,-1
555,196,732.67,757.63,119.06,318.06,0.7076,-1,-1,-1
555,226,688.64,583.88,50.57,118.75,0.7199,-1,-1,-1
556,202,-17.82,796.89,106.99,286.52,0.6618,-1,-1,-1
556,203,64.51,803.44,107.69,278.65,0.7983,-1,-1,-1
556,196,706.97,761.67,115.92,304.60,0.7482,-1,-1,-1
556,226,669.99,581.71,51.52,120.36,0.7647,-1,-1,-1
557,203,15.31,814.00,105.72,267.37,0.8289,-1,-1,-1
557,196,683.39,764.90,118.49,310.68,0.7032,-1,-1,-1
557,226,651.39,579.75,51.88,121.13,0.7397,-1,-1,-1
558,203,-18.78,818.98,98.98,259.23,0.7041,-1,-1,-1
558,196,656.25,764.79,119.31,310.95,0.7617,-1,-1,-1
558,226,632.81,577.39,53.41,124.26,0.7541,-1,-1,-1
559,196,630.45,765.52,120.19,311.13,0.8016,-1,-1,-1
559,226,614.91,576.50,54.01,125.83,0.7400,-1,-1,-1
560,196,606.75,761.82,122.49,317.48,0.7896,-1,-1,-1
560,226,596.62,579.37,53.97,125.96,0.7687,-1,-1,-1
561,196,579.52,759.08,124.06,321.17,0.8302,-1,-1,-1
561,226,579.43,576.28,55.95,130.02,0.7432,-1,-1,-1
562,196,552.64,758.12,124.85,322.44,0.7907,-1,-1,-1
562,226,561.95,579.08,56.21,130.00,0.7125,-1,-1,-1
563,196,527.71,757.19,124.75,323.26,0.8607,-1,-1,-1
563,226,545.69,582.23,56.90,130.55,0.7620,-1,-1,-1
564,196,502.49,758.48,124.40,322.05,0.8215,-1,-1,-1
564,226,531.40,584.74,56.42,128.50,0.6849,-1,-1,-1
565,196,476.22,760.76,124.40,319.76,0.7227,-1,-1,-1
565,226,513.72,584.24,57.93,131.36,0.7126,-1,-1,-1
566,196,447.35,765.08,125.09,315.40,0.7203,-1,-1,-1
566,226,497.61,585.19,58.55,131.04,0.7681,-1,-1,-1
567,196,424.60,775.02,123.24,305.41,0.8360,-1,-1,-1
567,226,481.85,587.20,59.45,132.37,0.7734,-1,-1,-1
568,196,395.42,783.06,123.11,296.38,0.7891,-1,-1,-1
568,226,464.14,587.80,60.63,134.11,0.7325,-1,-1,-1
569,196,371.05,788.86,124.29,291.12,0.7919,-1,-1,-1
569,226,446.07,588.28,62.51,136.11,0.6931,-1,-1,-1
570,196,344.32,790.70,126.40,288.77,0.7938,-1,-1,-1
570,226,429.98,588.33,63.99,138.54,0.7264,-1,-1,-1
571,196,318.82,794.82,127.88,285.13,0.8197,-1,-1,-1
571,226,414.56,590.63,64.54,138.88,0.7138,-1,-1,-1
572,196,294.35,797.99,127.97,279.93,0.5795,-1,-1,-1
572,226,398.33,594.19,64.71,138.07,0.6665,-1,-1,-1
573,196,277.74,798.90,116.37,245.56,0.5712,-1,-1,-1
573,226,381.37,594.51,66.33,141.31,0.7178,-1,-1,-1
574,196,239.37,800.12,129.40,267.96,0.5440,-1,-1,-1
574,226,366.51,597.07,66.86,141.45,0.7035,-1,-1,-1
575,196,218.56,800.71,120.97,242.99,0.6270,-1,-1,-1
575,226,348.51,598.25,67.35,140.96,0.7106,-1,-1,-1
576,196,181.52,805.55,132.35,261.23,0.6867,-1,-1,-1
576,226,330.86,598.85,69.27,144.13,0.7441,-1,-1,-1
577,196,161.02,808.43,121.68,231.44,0.5247,-1,-1,-1
577,226,314.55,599.51,70.07,144.46,0.6863,-1,-1,-1
578,226,296.15,598.29,72.46,148.79,0.7531,-1,-1,-1
579,226,277.97,598.14,73.62,151.63,0.7546,-1,-1,-1
579,196,105.91,817.44,117.84,214.24,0.5873,-1,-1,-1
580,226,263.08,600.20,73.47,151.11,0.6790,-1,-1,-1
580,227,1811.12,591.08,57.22,178.02,0.6318,-1,-1,-1
581,226,245.04,597.81,76.03,156.92,0.7598,-1,-1,-1
581,196,28.41,827.37,137.98,243.17,0.7612,-1,-1,-1
582,226,228.29,598.58,76.13,158.10,0.7674,-1,-1,-1
582,196,4.60,832.03,141.64,246.40,0.8050,-1,-1,-1
582,227,1798.73,589.70,59.25,183.90,0.5943,-1,-1,-1
583,226,211.38,599.46,77.29,159.97,0.7496,-1,-1,-1
583,196,-9.40,835.21,137.50,239.85,0.6352,-1,-1,-1
583,227,1794.38,601.98,56.03,172.58,0.5116,-1,-1,-1
584,226,194.49,598.86,79.96,165.77,0.7856,-1,-1,-1
584,196,-22.76,835.83,134.08,240.65,0.7330,-1,-1,-1
585,226,181.04,600.47,81.60,170.74,0.8117,-1,-1,-1
585,196,-33.03,842.25,126.03,237.13,0.7105,-1,-1,-1
586,226,166.01,603.80,81.40,170.55,0.7213,-1,-1,-1
587,226,153.78,606.77,81.66,170.79,0.7766,-1,-1,-1
588,226,139.95,609.02,82.81,173.39,0.7847,-1,-1,-1
589,226,126.52,611.99,83.44,174.11,0.7694,-1,-1,-1
589,227,1769.01,584.36,53.23,163.24,0.5740,-1,-1,-1
590,226,112.99,613.71,84.91,177.14,0.7594,-1,-1,-1
590,227,1766.57,581.86,55.36,168.95,0.6646,-1,-1,-1
591,226,97.75,614.35,85.68,179.39,0.7862,-1,-1,-1
591,227,1765.96,581.34,56.11,169.63,0.7534,-1,-1,-1
592,226,84.85,617.42,85.08,177.61,0.7912,-1,-1,-1
592,227,1765.66,579.22,56.37,168.40,0.7301,-1,-1,-1
593,226,70.50,617.71,86.91,181.76,0.7663,-1,-1,-1
593,227,1765.29,581.03,56.96,168.44,0.7708,-1,-1,-1
594,226,56.68,620.22,88.58,184.35,0.7571,-1,-1,-1
594,227,1763.86,580.01,58.87,171.62,0.7166,-1,-1,-1
595,226,42.44,621.05,89.99,187.90,0.7899,-1,-1,-1
595,227,1759.04,580.75,62.29,175.82,0.7262,-1,-1,-1
596,226,28.69,624.69,90.77,189.53,0.7928,-1,-1,-1
596,227,1757.19,580.61,64.87,177.52,0.7310,-1,-1,-1
596,230,321.35,536.09,41.88,97.38,0.5003,-1,-1,-1
597,226,14.42,626.44,91.98,192.18,0.7592,-1,-1,-1
597,227,1760.64,585.03,64.79,173.30,0.7489,-1,-1,-1
597,230,315.00,532.57,44.42,103.43,0.6774,-1,-1,-1
598,226,2.61,634.27,92.76,192.62,0.7891,-1,-1,-1
598,227,1764.28,585.56,65.77,171.60,0.7621,-1,-1,-1
598,230,309.72,535.14,45.10,105.23,0.5361,-1,-1,-1
599,226,-6.16,638.17,92.12,193.19,0.7887,-1,-1,-1
599,227,1768.73,583.87,67.70,172.96,0.7710,-1,-1,-1
600,226,-11.71,645.49,89.98,192.24,0.7799,-1,-1,-1
600,227,1770.22,582.35,70.13,176.23,0.7862,-1,-1,-1
601,226,-16.80,649.57,87.37,192.70,0.7086,-1,-1,-1
601,227,1775.14,580.62,71.11,178.46,0.7812,-1,-1,-1
602,226,-19.23,659.32,80.88,185.48,0.5064,-1,-1,-1
602,227,1780.40,577.71,71.70,181.52,0.7091,-1,-1,-1
603,227,1784.45,578.63,71.12,182.32,0.6265,-1,-1,-1
603,230,288.65,522.61,53.40,125.49,0.5466,-1,-1,-1
604,230,288.85,538.78,47.41,110.57,0.6024,-1,-1,-1
605,232,1239.14,518.87,30.16,88.21,0.6185,-1,-1,-1
605,227,1798.64,581.60,68.54,182.13,0.5071,-1,-1,-1
606,232,1241.05,515.48,30.91,90.59,0.6174,-1,-1,-1
606,230,282.47,534.39,49.53,115.39,0.5505,-1,-1,-1
607,232,1243.00,514.85,31.13,91.35,0.6151,-1,-1,-1
607,230,281.04,540.61,47.66,110.04,0.5706,-1,-1,-1
608,230,278.81,542.24,46.70,107.16,0.6194,-1,-1,-1
609,232,1250.46,517.74,30.73,90.01,0.5396,-1,-1,-1
610,230,272.82,527.47,51.05,117.75,0.5587,-1,-1,-1
611,230,268.79,515.22,55.24,128.85,0.5750,-1,-1,-1
612,230,264.44,507.04,57.85,137.19,0.6361,-1,-1,-1
613,230,260.69,500.04,59.92,143.66,0.6912,-1,-1,-1
613,227,1821.45,595.61,64.98,179.54,0.5438,-1,-1,-1
613,232,1262.42,522.74,31.14,91.63,0.5649,-1,-1,-1
614,230,257.77,498.01,60.34,146.11,0.7440,-1,-1,-1
614,227,1829.81,596.52,66.52,185.94,0.5610,-1,-1,-1
614,232,1265.45,523.92,30.78,90.85,0.6230,-1,-1,-1
615,230,254.67,496.71,60.21,147.83,0.7417,-1,-1,-1
615,227,1835.38,600.19,68.07,192.84,0.5262,-1,-1,-1
615,232,1267.50,524.64,30.75,90.89,0.6180,-1,-1,-1
616,230,251.47,498.11,58.80,146.75,0.6219,-1,-1,-1
616,227,1842.25,603.50,66.87,192.87,0.5736,-1,-1,-1
616,232,1269.36,526.78,31.52,93.40,0.6309,-1,-1,-1
617,230,250.02,499.48,57.34,144.72,0.6405,-1,-1,-1
617,227,1846.61,609.77,64.85,191.35,0.5695,-1,-1,-1
617,232,1271.93,528.09,32.13,95.70,0.5778,-1,-1,-1
618,230,247.16,501.71,56.13,143.30,0.6317,-1,-1,-1
618,227,1852.45,610.93,66.23,196.20,0.6581,-1,-1,-1
618,232,1274.92,530.64,32.35,96.28,0.5522,-1,-1,-1
619,230,245.18,504.43,55.29,142.57,0.6438,-1,-1,-1
619,227,1856.77,609.99,66.96,202.08,0.6305,-1,-1,-1
619,232,1277.10,532.12,32.52,96.20,0.6064,-1,-1,-1
620,230,243.28,505.47,54.89,142.80,0.5905,-1,-1,-1
620,227,1861.25,610.37,66.36,206.32,0.6591,-1,-1,-1
620,232,1278.35,532.83,33.61,98.41,0.6345,-1,-1,-1
621,230,240.74,502.42,55.82,147.06,0.6202,-1,-1,-1
621,227,1866.60,610.56,63.99,207.06,0.5314,-1,-1,-1
621,232,1282.21,531.23,34.73,102.00,0.6011,-1,-1,-1
622,230,238.14,501.64,55.57,148.19,0.6673,-1,-1,-1
622,227,1871.23,611.38,60.00,202.10,0.6150,-1,-1,-1
622,232,1285.59,530.92,35.26,105.15,0.5723,-1,-1,-1
623,230,234.66,499.87,56.72,153.65,0.6347,-1,-1,-1
623,232,1291.23,529.26,34.97,104.53,0.6337,-1,-1,-1
624,230,233.19,499.40,55.96,153.77,0.6679,-1,-1,-1
624,232,1295.53,530.36,35.39,105.53,0.6203,-1,-1,-1
625,230,232.96,508.05,53.72,148.81,0.6579,-1,-1,-1
625,232,1300.61,534.68,34.91,103.70,0.6304,-1,-1,-1
626,230,234.13,517.94,50.10,138.37,0.6768,-1,-1,-1
626,232,1306.47,532.34,36.84,107.69,0.5578,-1,-1,-1
627,230,234.74,532.17,46.92,128.88,0.6338,-1,-1,-1
627,232,1312.18,530.86,37.48,109.48,0.6457,-1,-1,-1
628,230,235.55,537.78,45.70,124.45,0.6426,-1,-1,-1
628,232,1318.15,531.65,37.38,108.69,0.6342,-1,-1,-1
629,230,235.88,550.08,43.74,117.81,0.7022,-1,-1,-1
629,232,1324.28,531.02,37.14,107.13,0.7123,-1,-1,-1
630,230,236.26,551.26,44.34,118.52,0.6715,-1,-1,-1
630,232,1331.82,530.71,37.87,107.60,0.6755,-1,-1,-1
631,230,238.05,552.88,44.70,117.42,0.6435,-1,-1,-1
631,232,1339.09,529.39,38.42,109.30,0.6769,-1,-1,-1
632,230,239.82,554.31,45.73,118.42,0.6209,-1,-1,-1
632,232,1346.47,530.76,38.54,108.92,0.7132,-1,-1,-1
633,230,240.69,552.42,47.79,122.14,0.6099,-1,-1,-1
633,232,1354.69,534.57,39.02,108.89,0.6610,-1,-1,-1
634,230,240.52,553.15,48.71,124.26,0.6022,-1,-1,-1
634,232,1363.07,536.37,38.84,107.96,0.6405,-1,-1,-1
635,230,241.90,550.58,50.11,127.26,0.5529,-1,-1,-1
635,232,1369.43,533.11,41.83,115.79,0.7261,-1,-1,-1
636,230,243.12,550.38,50.79,128.98,0.5862,-1,-1,-1
636,232,1377.71,537.48,41.44,114.31,0.6076,-1,-1,-1
637,230,244.06,543.34,54.14,137.88,0.5289,-1,-1,-1
638,230,244.16,536.41,57.12,146.70,0.6135,-1,-1,-1
638,232,1395.51,538.47,43.63,120.57,0.6066,-1,-1,-1
639,230,246.17,536.83,57.59,148.75,0.6487,-1,-1,-1
640,230,247.61,535.69,58.19,152.05,0.6525,-1,-1,-1
641,230,250.81,537.58,57.68,152.14,0.6611,-1,-1,-1
641,232,1428.69,551.41,38.86,107.49,0.5201,-1,-1,-1
642,230,253.51,535.66,58.08,154.91,0.5651,-1,-1,-1
642,232,1441.13,557.81,38.38,105.93,0.5630,-1,-1,-1
643,230,254.94,532.07,59.26,160.58,0.5508,-1,-1,-1
648,230,277.34,562.72,49.24,133.81,0.5229,-1,-1,-1
650,230,280.94,537.81,56.52,157.16,0.5935,-1,-1,-1
652,230,296.98,550.49,48.35,134.43,0.5725,-1,-1,-1
654,230,308.52,555.74,47.50,134.52,0.5726,-1,-1,-1
656,230,320.63,538.23,54.76,159.74,0.5395,-1,-1,-1
657,230,328.28,533.88,56.12,168.29,0.5519,-1,-1,-1
661,230,360.30,584.35,46.83,137.24,0.5637,-1,-1,-1
662,230,369.63,594.85,45.07,127.69,0.5369,-1,-1,-1
663,230,380.01,599.55,43.38,121.20,0.5336,-1,-1,-1
664,230,386.49,595.90,45.36,123.37,0.6049,-1,-1,-1
666,230,401.81,594.70,46.81,120.41,0.6449,-1,-1,-1
667,230,407.03,589.28,51.88,125.78,0.5617,-1,-1,-1
668,230,411.17,584.25,58.81,134.10,0.6016,-1,-1,-1
670,230,429.41,574.43,66.31,141.52,0.6277,-1,-1,-1
671,230,438.90,570.34,70.59,144.05,0.5765,-1,-1,-1
700,242,854.14,583.66,97.24,159.43,0.5884,-1,-1,-1
704,245,555.90,508.10,32.50,91.29,0.5844,-1,-1,-1
704,246,960.07,610.33,60.11,154.63,0.6474,-1,-1,-1
705,245,557.33,508.11,33.55,93.85,0.5363,-1,-1,-1
705,246,976.01,612.08,60.60,155.54,0.6481,-1,-1,-1
706,245,561.52,510.15,33.39,93.40,0.6116,-1,-1,-1
706,246,991.22,614.98,62.39,158.79,0.7583,-1,-1,-1
707,245,563.92,512.43,34.00,95.21,0.6616,-1,-1,-1
707,246,1004.26,614.41,66.52,167.01,0.7423,-1,-1,-1
708,245,566.44,516.52,34.16,95.87,0.6891,-1,-1,-1
708,246,1012.91,615.57,70.57,172.51,0.6746,-1,-1,-1
709,245,568.38,519.56,34.88,98.03,0.6430,-1,-1,-1
709,246,1023.85,611.37,75.84,178.75,0.7636,-1,-1,-1
710,245,574.23,527.76,33.08,92.62,0.6403,-1,-1,-1
710,246,1037.38,618.66,79.63,180.71,0.7748,-1,-1,-1
711,245,576.81,532.99,32.25,89.79,0.5305,-1,-1,-1
711,246,1060.01,619.89,81.46,179.26,0.7111,-1,-1,-1
712,245,578.06,535.60,33.34,92.22,0.7177,-1,-1,-1
713,245,578.17,536.15,34.24,94.11,0.7372,-1,-1,-1
713,246,1117.19,629.73,77.68,171.66,0.5796,-1,-1,-1
714,245,580.11,541.49,35.64,97.79,0.6552,-1,-1,-1
714,246,1137.16,635.57,78.71,169.95,0.7374,-1,-1,-1
715,245,580.71,541.17,37.07,101.50,0.5902,-1,-1,-1
715,246,1150.61,636.39,81.40,172.28,0.7451,-1,-1,-1
716,245,581.99,544.06,37.16,101.54,0.5081,-1,-1,-1
716,246,1164.38,634.12,85.22,177.29,0.7684,-1,-1,-1
717,245,581.75,545.60,37.57,101.98,0.5572,-1,-1,-1
717,246,1180.14,631.56,88.97,182.38,0.7812,-1,-1,-1
718,246,1196.04,627.66,94.71,191.60,0.7914,-1,-1,-1
719,246,1215.61,631.48,96.85,193.18,0.6608,-1,-1,-1
719,245,585.24,547.96,37.32,100.93,0.5349,-1,-1,-1
720,246,1234.98,632.35,100.13,196.96,0.6718,-1,-1,-1
720,245,586.41,551.43,37.78,101.67,0.5675,-1,-1,-1
722,245,591.99,554.48,37.92,102.17,0.5360,-1,-1,-1
724,246,1339.71,661.01,98.94,196.81,0.5486,-1,-1,-1
725,246,1365.04,663.92,100.67,202.74,0.7108,-1,-1,-1
725,245,595.07,565.50,38.29,103.54,0.5707,-1,-1,-1
726,246,1384.63,671.33,103.07,206.85,0.6203,-1,-1,-1
726,245,596.90,566.54,38.10,103.19,0.5734,-1,-1,-1
727,245,598.54,569.77,39.36,105.73,0.7153,-1,-1,-1
728,245,599.56,570.13,39.85,106.00,0.6729,-1,-1,-1
728,246,1419.13,681.36,110.75,217.55,0.5803,-1,-1,-1
729,245,599.79,568.10,41.25,109.00,0.6381,-1,-1,-1
729,246,1439.98,681.82,115.39,221.05,0.7226,-1,-1,-1
730,245,601.16,569.94,42.31,110.86,0.5670,-1,-1,-1
731,245,601.94,566.93,44.10,114.66,0.6680,-1,-1,-1
732,245,603.03,566.15,44.94,116.44,0.6757,-1,-1,-1
733,245,603.75,567.89,44.91,115.92,0.6499,-1,-1,-1
733,246,1571.19,705.17,114.44,226.76,0.7019,-1,-1,-1
734,245,603.07,563.01,46.58,120.22,0.6868,-1,-1,-1
734,246,1593.44,707.98,115.86,229.80,0.6281,-1,-1,-1
735,245,603.25,563.18,47.16,121.72,0.6948,-1,-1,-1
735,246,1614.89,706.68,118.16,232.73,0.7441,-1,-1,-1
736,245,605.76,561.07,47.08,122.07,0.6750,-1,-1,-1
736,246,1635.00,706.29,124.99,243.86,0.7151,-1,-1,-1
737,245,606.98,561.73,47.06,122.25,0.6584,-1,-1,-1
737,246,1658.48,698.69,131.70,257.35,0.7946,-1,-1,-1
738,245,607.58,562.64,47.42,122.92,0.6593,-1,-1,-1
738,246,1687.07,705.37,134.74,262.41,0.7550,-1,-1,-1
739,245,608.43,564.48,47.92,123.67,0.6562,-1,-1,-1
739,246,1719.60,717.05,136.34,261.17,0.7532,-1,-1,-1
740,245,608.82,566.49,48.11,123.79,0.6847,-1,-1,-1
740,246,1749.67,733.19,134.21,254.10,0.7464,-1,-1,-1
741,245,608.97,568.47,48.35,124.18,0.6776,-1,-1,-1
741,246,1779.78,732.24,138.19,262.73,0.5816,-1,-1,-1
742,245,609.40,569.96,48.15,123.83,0.6455,-1,-1,-1
743,245,608.86,571.52,49.02,125.28,0.6303,-1,-1,-1
744,245,607.37,572.16,49.78,126.94,0.6293,-1,-1,-1
745,245,606.10,573.39,50.62,128.59,0.6668,-1,-1,-1
746,245,604.27,574.20,51.22,130.25,0.6264,-1,-1,-1
747,245,603.55,575.07,51.89,132.28,0.6538,-1,-1,-1
747,250,844.54,524.74,23.61,64.13,0.5047,-1,-1,-1
748,245,602.97,575.58,52.19,133.29,0.6733,-1,-1,-1
749,245,602.91,577.20,51.79,132.35,0.6753,-1,-1,-1
750,245,602.56,579.43,51.24,130.76,0.6232,-1,-1,-1
